30533110
180332117
168093186
514319876
65005063
325019146
149366359
88204812
288712205
613443091
1428284952
531108100
1627399771
504358437
37930882
34203177
31090220
98592301
823846447
221701684
39446076
2170684127
602793535
84993601
280585797
377513544
14018122
222389842
322627164
384755293
376792670
168617571
133228136
613334907
1712121452
1622894197
44099190
448521849
529152959
556197502
111011455
226780801
1563682434
305424003
56321672
1917145368
211773077
63137430
1492444824
621831838
70248096
1931322992
451995303
2154686121
1139041962
314173103
483714737
107898547
241788598
201287355
1334896316
162096830
24143552
310366496
544204482
44852932
194504393
55502543
491448019
336029396
633857749
45803224
376634319
1189668572
40199902
358147810
68380387
589817572
471230183
96397034
577398512
1727915762
86533877
34891510
315942647
254458836
93185663
986375935
2198169347
586344196
13199112
265421542
496658196
318684121
1338861338
245327644
16508706
625338148
576513837
1413670706
239390453
2168547124
179169080
270755645
161572671
1820454296
455796547
581003076
570910534
336684871
214984523
2420008781
49768272
44132181
140928854
1573349209
1367566170
99051356
375023454
712501088
95647161
12937062
168519532
451471213
38135665
156198777
277473147
67856252
358147966
139028117
1707665281
1954315244
328132490
67037077
95053718
583640729
510158749
467167139
288155558
978020263
33525855
299853740
302693362
215607215
615901109
131459003
246179786
78221645
979986386
143353816
1233577945
527198170
174745563
576841694
524347362
263088102
60844010
33581035
114780140
90826733
432367604
262563833
935159466
621012990
292186111
631924740
730425349
2185521159
292874258
755066900
33826481
170289196
43083823
1189537843
1229711413
63793206
309520439
969336888
506128443
1347304458
42091231
84633664
983230530
773318724
40855222
112781382
222718023
621242441
409167946
424110155
1723394125
340322384
295561297
488171606
1359993050
218392670
342714466
445638759
475162731
64776301
398682233
51177594
174418044
272918653
393963646
36726912
847669381
994568328
1042213003
360638607
290515088
49440914
99936405
1893230743
170223300
1628203166
182479010
484599973
1590421681
636479669
169961655
94791865
249096383
265021638
44712130
125987019
1111484622
97642706
404711640
194275546
574635045
35711200
580675811
2210392293
52717799
1944447211
43313392
36333809
195881207
160164088
1341744852
1686644437
141879559
341436682
717089039
382495000
311945497
1334307098
39315739
554920222
72837407
1596123433
268233005
72509744
973728050
1317267764
134179129
87681339
67922238
413844711
30435650
348776776
39231388
2167580387
249096539
40200547
534702436
417720678
706505064
1068034418
270804713
1121085818
547634240
422439300
587655557
38627720
179792265
426437002
159869323
442067340
372468109
570845585
90859922
815032729
1256810912
134769057
549939624
237660589
43641265
130279862
345860539
1052207550
125364680
364210637
240544207
287173076
2424039893
240767482
58844923
297363942
113578407
1893329388
1612704240
501934579
487483900
82962942
389442048
338651657
1623157268
238971413
471853594
292842014
247720480
71461410
468412967
74574381
539028018
216689206
514419255
190966330
209981250
107371378
1026157122
475753035
319810124
616021090
831496578
451242576
225274450
939092563
1025829464
295725660
1889954407
179469415
873851503
116746873
476572288
491907714
115141256
272329357
468576911
435677850
2195712667
411331228
148302494
955312800
521366178
162004083
71330489
103344827
912419520
284945092
376761029
224258758
2276747981
32369362
440265430
129460952
23423708
148678437
514583265
32926437
55624540
330164973
33516271
385346289
520121074
80243444
1017932533
957246198
272454100
477457149
517597951
621636352
42855173
300738349
817031952
902589212
1029106470
35187501
93416238
9419912
1359178549
495184694
486402871
102886203
802155324
369027907
47556406
515205966
436927629
180022096
305523537
319023961
417786715
1347789877
99478368
480406369
727935842
289368932
253979493
752905063
241920875
533097328
278555514
580217724
164653952
1319103372
28765074
1206152094
300116898
355560355
2356865959
489384875
1446276012
1530325933
319503517
317045918
263089080
202992569
1149627325
1329936810
390622144
431647684
63073221
1698687942
1655860170
129264596
515632086
130077178
339005947
360639462
533064683
124957136
220294136
160001017
706604033
224586758
1459645447
82340872
62778379
621898767
196537361
1276898323
329542679
570747936
714194096
218102961
2156063794
1319693364
338914362
1130629904
364440642
193293379
1479175237
353627208
507309129
439839822
227765327
346090576
982314068
76868694
404745303
39218272
78277731
65399908
722594922
8219762
319745140
293366905
2229365887
296152192
702672002
51014791
496279616
301526153
270822540
184384706
271281295
308407440
260762770
1172532372
92972910
391408790
481284633
35187864
41610393
50228378
1832807581
147647651
287698084
1263986545
1150577832
14314666
299003051
286321837
229895345
341961907
46087369
239430846
112716992
111219232
350940354
1883565253
744815821
1374645456
235924697
363588826
476900577
383347938
33909987
398650598
285568231
1545301231
1238232313
570486011
592702720
115895553
88894722
261156101
49719169
89124107
287370509
759131407
6843672
267054363
869625116
993357091
145648932
976219430
262257884
92957996
80669997
220818734
354839855
467201328
239234360
317713722
1408494907
41807171
1021504837
620129606
154201419
304385962
615443798
1465838936
440364379
72215900
310799711
1415212387
31386982
101477749
351530358
480378089
410873208
64122234
296676738
630844804
155970952
1683388772
117730698
158690700
590795330
46853518
365325711
601222544
917237137
632122774
376892824
211512733
60616094
274394537
38179399
407694768
373812657
26209720
342584761
2231496127
133230019
519105998
34957219
268201428
2275700188
279080421
343404008
466677230
613740017
386067954
346156532
1476521467
561376774
519609450
1714744844
379088404
137686550
68677151
2183818786
77426218
207154734
288550452
348909110
235793975
333344312
32906149
88108602
492564032
636874305
38137415
532966988
96579847
1712287310
540175954
444427869
275672673
216329826
603745893
1027829352
45084268
877588081
377253491
211512949
533065337
205713020
376794749
446918271
959901318
59380332
39251595
1244393107
592670356
20763247
338292383
49573547
791080621
563080889
255979194
201158331
323055294
175271615
161985750
52086038
236711630
1089830179
890486382
1259040480
153054951
1342205672
2234478315
232746732
46984942
84897519
551087864
835736191
397242108
331840810
39022339
1230532362
237301517
36597518
1587428653
521498384
97407637
430403351
487747353
366735134
196701985
33812266
806066742
16903988
223735606
264859449
348385082
82257887
323743554
64384837
1713598278
46100295
614985549
353529679
55635793
425914198
87650135
45543258
38629213
545353570
589195238
561803110
45805416
25259885
355626864
325513073
28077941
1295740790
33165972
92008317
1144385406
38326933
117046592
292153323
42554006
68382599
23490442
51015564
68185997
429194563
340324246
80605083
217043612
278228906
47312811
56324014
366473141
158330807
246443965
1704456126
945614786
194998211
295151606
456880071
447868874
535228365
482930642
29421525
275436196
247721948
535424991
616558560
33812449
280457187
362934247
271871983
1199632369
364736513
37879126
594729817
323940367
374098174
1453355029
282652696
501477413
876113958
1862889516
42594350
865169455
124416051
947220536
127463483
64666976
374992963
383676488
225079370
1930129484
811462734
88698959
1087434834
180121685
87224408
2314858587
102765242
1976037474
1408725092
237203563
405434477
2177986673
179925106
338260085
268136566
45609079
471724154
2192888511
1153265791
828993666
34959492
402536301
733081736
93614218
323252368
34861205
302706839
764375192
1014100124
42070177
360542372
974677994
282063030
39514297
52064442
312635579
315691078
369582083
544239807
41816780
33452235
90861776
179106003
1690686158
162984153
590115034
217051355
242249951
126915280
315224291
360509671
325447913
202969810
380891377
964227314
468447475
841904372
377876728
2415685883
575893756
1377497347
121041165
80507150
1335030037
44651225
1057124635
301448581
159084832
1924297002
8057132
221671726
931532533
255881524
211579189
310112569
562964533
135983428
618361161
254210378
477620280
41775442
417026788
28143965
104132962
48656739
371290468
45379943
54161783
1262973306
193229185
325611913
799011212
66054210
275902869
2322292383
472871328
267678120
68612522
479228333
421818799
1623224754
75788724
830566837
1654616504
30735775
710731850
82932158
34959808
1890644419
45109378
279441863
809529805
299758030
9105872
158626257
300151250
328430040
1254879709
325579230
288757633
119697891
254112228
604041702
139129323
58421742
96825840
296710642
743436788
366014965
218526198
472674810
381430818
82899453
164196862
297923082
121361154
62878223
445313557
166883865
115995165
284946979
160920100
900297253
82899496
125741148
237367853
462844465
410087986
296743475
178319924
329773634
67727947
1004630605
420835925
1372975704
364212828
49672797
552202849
463106658
701526630
377254503
507245160
303198829
233566833
83587699
501576310
550924922
556167803
254898814
479326848
529330817
42594947
204665481
738980496
303723156
137294498
83063461
2252239529
214495916
372667053
188314286
212980510
481424056
123171514
282555067
505868997
42857158
18674377
608006860
1862759118
576156367
271446742
385864484
2400121565
521401055
95908576
1136579366
337408743
330887915
372830963
69825275
746091265
1916965675
206533380
68973317
113865482
1717957387
252506893
366670608
482827787
274428698
878048028
130839325
243987233
466580258
1493693222
1922790187
1356231468
100758317
349893424
475034418
57013045
286618422
551056187
1286075197
819303222
75789126
151352135
103969609
1900016467
123335508
1968108378
244052827
68711260
491382928
417887074
203715433
585001106
1042529768
51737460
82834294
259191674
111276934
136672136
300151691
247690125
361984914
1569158035
108589972
2352935829
67892122
85414725
351073187
419427239
386593706
1857090475
53343148
937587630
420639663
82342844
263287751
229995466
434765303
511767500
46887885
153752397
185564664
2171859922
587363286
409367511
27259864
388395993
68372289
920941536
384398306
137262055
47576041
581923832
2357875540
50590715
52655101
347829246
427226111
272299011
576975879
340751375
1199633425
398294532
199390239
182023205
262206507
417887276
36336685
558527535
156628016
250049588
260633655
476032672
122582076
70415422
454128707
2179502945
164164683
40203345
243627090
141882456
2195354718
717714530
46363748
110982245
41784167
213218417
1429828722
383677555
381121653
218068088
1861221908
261092478
598963328
727905410
344749188
32816662
258372746
33879179
1217688716
46068877
431060123
254590490
1241183396
109900968
240186548
28308662
176387256
76936379
1530262717
435025088
587494594
300512451
35222726
2153215179
264022221
60060888
196932825
478409948
267711709
327283934
614036704
68416739
588444903
16872682
203879660
784312530
1897042813
253916403
237303028
2248801833
274068730
1875473659
40052950
42267914
339440908
1358787854
199015982
348386584
75232537
20739357
377910568
34895146
1725527347
133362998
44922173
582055231
332330305
211875138
791672131
215872840
1691579725
1288729934
256374102
292255065
159552399
1897395554
47576421
2155410795
422442348
453309805
36304241
252933493
1914140024
285537658
254571903
2175530368
281605508
87291271
247199118
237827477
1017629280
409171358
78575010
469988776
232224173
1209759151
210204083
73382774
201225656
385349049
304444859
451016131
55866821
86701516
73201103
578254291
479720918
183334361
406844892
1550251490
14087654
427881959
587232744
33149863
362968564
127563262
354416132
454718981
172684811
419624467
322893337
24671775
964261412
61175336
452851241
1620562866
471889459
288716345
53638716
1960998463
31356490
502560333
241432142
188249682
251983445
34567771
1794897504
32503396
67630695
267286123
84538991
206960240
18071145
1604155002
2227730044
298537920
572683915
182843022
59454506
442813237
82736801
34895524
473671964
631109291
708736689
222394035
2198894265
67860154
25982651
786495164
43873987
33879752
94172873
212301514
475461330
712144595
487585502
346486501
41088751
1940190960
38860530
99221836
169277178
57341697
51869445
582907656
92239626
44889871
574813971
198407959
2368501531
37877535
328722736
245102374
16611114
51705649
863205170
622163765
145323832
291600185
402290502
406779719
121435976
555022158
22738769
331413332
864286554
626521950
384340965
285603685
544110438
781711207
55506792
76576617
350812012
45578093
50362224
87652213
2150070136
224262009
2350544763
202995581
89651070
328924821
75134854
52000649
41806146
726792079
920647572
413333398
380958618
127465377
512882596
146339749
70907815
248215472
452818868
491255746
343537605
1061517254
459896786
312080339
604207060
157251541
26277853
1118730211
284507814
583635964
370636782
230160371
551649109
49903610
499906558
122976255
314996739
520583175
257554444
822081552
32339988
19658778
258296608
506099745
1975941157
1059989852
120748081
437745717
1718941752
1712158777
1322514493
780105794
903804997
168065097
474675276
394524749
14907476
213973081
212236378
76904545
184711267
15071339
39549036
31127666
195295350
2149185659
228653180
104724418
309622914
978403009
40663178
210532491
743110796
293468304
398588051
255490196
33880213
410941590
474052761
42596507
596899998
451770529
389970082
42858660
74774693
178878630
354187432
2207268551
185592178
2153478330
387905730
29554883
1906702532
241028389
342980819
337017044
434338008
34207961
1945041115
330332383
275753339
1364457704
68122857
1267562732
331479277
224295157
597391609
318011643
183990528
417954050
49248518
613382410
205125900
126712079
963934483
340261146
262732061
117673955
871627040
1847914950
301300006
224295208
264698153
440924465
597555509
270268726
629373241
25655612
108603786
96303424
710605121
353859914
74447179
200472908
32962897
139786581
283507030
520059234
528152932
873468990
604502398
378173824
33520003
214792582
193326371
96762250
25819531
90339727
208107924
2335036484
69216667
94534052
895449510
213678504
317356458
599882155
38926765
579283357
1419966896
56654263
413825469
425753026
283998663
318228033
190609881
38140378
275446235
411367901
1330510304
482834913
488241635
759757285
92731878
705001959
83667367
717257200
74086897
593623545
282720769
91793835
334264839
46627336
806615564
710801936
491878929
305396244
568261142
1371404827
26245662
163042395
58522152
178551346
271809076
388495928
622131773
524450368
472644161
438401602
143508412
965737039
1690171986
71334485
1474001496
1113520729
214039131
49281628
532281952
603847265
436763241
547879531
720271980
20281967
17151426
1302952568
1341199466
35748481
244906626
2407266949
1856338574
35945104
872643230
273087135
428112549
325057191
816839340
1037892270
122419890
2278631881
420969147
549550780
64355005
718076611
36076228
264108743
1543305930
616561362
138345171
1544157908
478902999
46922466
1091238631
129563373
37659220
248642292
132442580
566622970
1251605245
499940097
2172058371
288226056
1459714825
1164999434
256670476
525335309
1184004878
405699344
615054099
2308307733
43547414
424246042
267778844
1719925538
53869350
481000232
138738476
25492273
350780210
370735923
115604280
619739966
515832649
1907430541
239467346
82803543
312179552
93705360
296876901
36961129
2293693293
98827122
267736212
266369914
454753149
356219774
981465991
1632500617
184122250
85252750
62258067
1625029536
174226337
1930177009
1396702128
247167921
272890812
327318462
1168636868
109214662
1660025803
381451213
106396623
369523665
1033042898
877198291
41155540
989297622
619051998
1043233764
92732390
484768743
598670313
367655916
1913148584
123501559
91126776
219282431
42368004
526416906
128908301
231537678
1134066703
372997143
1164999704
276102176
248904737
250805290
323255339
142507058
246217785
116784187
361823294
249658436
85294158
461995087
1382710352
194953062
1270676582
277129745
410090601
553450602
829095020
1617755245
67304559
1916566669
270367857
515275891
402445502
345865336
91192447
380370049
986306268
280198281
218791051
86516765
296811661
35683475
108559509
239697048
865008794
163183774
130749637
34634915
2320628901
107347113
76872874
103218352
211516593
200080563
343932092
159050272
1308392642
113343685
169049288
2310077643
275966498
228752592
304970962
881622230
388463832
229080283
433569659
184941796
414547174
62356713
1591114986
218463471
245698630
265802964
55180538
163020042
1438579987
1009745174
368999703
146111769
16448797
320830755
238058790
171015465
259259690
55541039
2148957488
1423277376
861928771
366712034
216956238
525204817
202243410
807452558
1596030294
241073501
749763936
111279457
69238120
264890940
1307016554
198442898
118729277
44334451
1310719350
545357176
239500668
136936836
288750985
17071502
167771537
257588626
159612308
46071191
330366367
258735521
1896480163
2257878439
239271344
492174775
528067146
197164491
240254412
413367757
73880824
756841940
346029526
129531356
1180335583
135658981
592575977
285048305
460094962
532151799
1722482168
846396932
550174214
276999719
319028749
467724888
39517716
322600469
210042391
360486148
702873114
29966255
469237276
184516126
22533382
618987046
2152857127
71204393
82116139
251493937
1271922228
44858939
1933868611
16449094
397311561
1019706954
397377107
849673812
579239515
352288349
1882914398
214367839
2170486372
433290858
943783532
394624628
430898807
454622846
269188735
252477056
297385920
153845379
177006381
628194955
38665870
246480528
960102037
535527063
862813850
480181930
290138326
835583660
267058862
707788463
126287538
22901718
344512307
482737855
284982979
135394611
464486094
888438480
388792020
48299741
293043937
270991074
1541078755
393412324
356974316
430145263
21069555
1048542966
365559543
707591932
202112767
367820556
1927216914
147881753
218791709
441646878
866090784
2177007393
517635886
35434442
1067745080
257485959
171867971
165478215
558595913
188874575
383647573
187924312
238485338
817626972
39976799
303349734
382566246
188874604
1697120118
313163639
252560600
129990525
307068802
795541380
37617544
69828496
8814482
142278552
1264779163
45514652
61434522
33849250
1046871972
353632185
555712442
313360316
544997313
7339972
143392715
310706126
163479503
33849296
351469522
196476884
317685720
136544220
273088478
100433889
133693413
773947368
56950761
806256618
446988268
250707949
40435696
93847541
51019770
1662091260
19595261
