1466728453
1469284368
166166546
2156658707
1271005207
596312093
785154079
462269104
324337699
202178597
197296170
132808748
437452845
1182895148
476020786
1222443061
436830270
56688704
157614146
30048328
1326350418
22806616
600670300
279674981
475168871
2175762541
355347133
433700883
45645945
189431931
354287740
51740797
125272196
34898053
558629004
116424845
94666900
366051477
473890966
196575385
597426335
279675052
237633709
348979375
231440560
183926961
1497989299
437523829
588873925
19562698
15761613
543228111
141983954
107086037
6226142
189038820
257867814
15270118
132639442
185958641
284590324
1892745463
261718264
2169962746
24346882
267774678
347308300
39813393
384827672
796295450
384762139
227311901
1979089182
17531170
242123045
2410473324
1699905842
38928709
123011404
216203597
964821326
369426770
1896322446
1133085014
417956193
814973287
30835049
75989362
173212019
339280252
239708906
123198418
35160453
104399238
99221895
227967371
57115020
253591949
338422509
312093422
1857585564
302699930
213680547
251330989
1702565600
66453944
1255041780
400097723
553746879
1182433728
1319010756
320668103
521994696
2175418444
44630476
87130577
1688229283
463569364
496828889
397214177
581140962
191365604
251036137
93979115
508919890
1916731886
455508463
139723249
236323320
24347131
1524630013
245957120
751501831
861372936
122389002
226220742
105415185
225903127
1475816196
226525723
1035633180
16712223
204243492
45777445
184713767
102924852
352191030
545882681
41583163
731185729
93782595
98894404
16613962
572921273
355336798
218852112
1599504996
2175697509
1860960871
104432232
189825651
552665719
391974315
565314175
343376513
1491370632
169476748
238715533
319095445
339673751
172262041
318472858
281903771
398063913
55154118
361267878
263488167
314081961
716309173
39486134
322634423
401965760
373238560
438502097
283672697
267616985
328925919
44860128
237175526
142541549
216990448
763396862
117741013
103219969
306676483
273580805
316048136
351765258
110232332
375522061
330951469
401900305
955155224
380338977
575636258
723747620
76612390
241042217
216302379
315622189
1189151534
256508721
331547443
364315445
271614774
476578615
1367573318
298550089
104727373
367166287
84345689
120554330
256901983
36307811
59474792
280429418
250577776
773789160
271418229
267108500
320701308
91751294
42369173
26510208
382567297
1019577224
1927447436
160148290
541852561
411501459
35586968
1536951200
336724897
135955366
386437931
1658651563
172327861
395379641
101974175
1117599829
224134080
984531104
260670403
14123972
392176185
412386247
701629388
375129037
630162382
1734214608
1928102870
23725019
567346140
33489885
608404459
2233609042
35193838
379913199
521536496
1282868210
1042154485
474186744
947034378
776242178
242811907
569409708
1015546897
546604055
243598362
1974174751
631374000
53668699
303236134
29939209
481231931
165315648
2233467972
890897479
59049033
1076593747
355992664
46040153
2342847579
331088988
127292944
715031660
42370163
246809722
201719999
296911996
20087934
332465279
212305026
749005675
236389509
309789830
128517255
395773064
120749948
44303499
426411149
47875217
105415826
107742355
2165310615
52331673
536970394
93619360
1166738593
481363109
740000942
259589296
711197875
338986166
518620347
462697021
145656085
44336326
79409214
104858828
82871502
134743247
323683546
150144219
370731898
1910277343
1977451747
1324811492
857998567
2435672956
49284332
710968560
35194101
55215350
277054711
372475140
855359702
17335562
165315856
494830869
62489880
385123610
14124331
73434413
549520686
582681903
389481778
37586227
70452539
478545215
91587904
350422340
39912774
327484749
19596624
305005906
172295511
35194200
90942351
66094430
315065695
43058532
1001194862
1297941871
373032307
368739703
23463288
588383609
73598339
326141320
284919178
482275492
115040073
85591439
384337299
34866582
199591321
334545135
369395100
114676816
44066427
103253412
474645925
67700134
345965991
34211241
474383786
369493419
628252689
262669742
159090096
373884350
318997957
65865160
34211275
316440824
593626585
442074595
1609172455
272074217
137463274
333350381
262571503
34997747
230721015
422807039
56138069
159385100
301925901
22939150
717850132
147654165
1289586204
493434167
166921768
193463849
246154801
331187762
475137588
288654907
1886848574
308414017
104465988
206112327
38471240
78644811
96503373
1736574542
459998804
108562005
629573209
75236955
2346681948
117376608
302614113
1196394086
234358375
70911601
747308660
218826363
1871152766
546805355
435619461
1567622791
768870025
248277957
361793184
320767649
361858723
811075236
367756969
76285610
32615367
623969968
37193394
293635765
80325577
39454395
551880380
16254653
29001407
47351493
56624839
943228616
80840393
428803791
330893012
703170266
217384669
303924964
1727071974
115082985
374572779
255592176
356157170
40830708
42862328
180520701
376833793
36334550
2258208518
282494728
49710858
131204876
563316498
441570947
92931861
2204731159
711024061
260278042
27002652
491915042
1259636515
56952630
573638455
588384066
2207745859
569476938
18122572
89720654
130451279
128943953
523709411
218105687
321357656
385845086
1101694820
706119526
120358761
336168812
34867054
39946098
244090741
431687550
812910468
78284678
87394185
417204106
107054987
1111066508
262539149
1219659662
91981720
78284699
1090029468
137693090
339642280
36341674
33392558
153847727
314640307
21071798
636389307
215975868
2211284929
71239619
595625925
367724487
208701384
190349644
1332414410
273090507
38398968
616466386
34867160
146331300
264701917
414255078
1217759210
257529511
773752812
317065197
398264305
347441143
261064696
229967867
97454077
598345726
123504640
243271686
1324182529
1853229067
287148046
297437199
575473684
51972117
1319962651
321325085
39946271
319916067
73926693
89196584
87787561
222496812
303695917
46401585
389351479
1138755648
243533893
582584393
338593867
207980620
239831120
521177169
131762259
300157015
22480985
1186302050
224725093
227182698
54853991
544147569
178718836
933857401
120533938
384338053
175048838
704350352
243641368
333867326
22775957
369330327
364742808
438995099
1099991202
299862179
271354025
501975214
43059376
271386806
218794176
347155488
243501251
47876295
222136525
68126927
1544554705
541133010
400001240
16517337
2216659164
491882722
74975460
2305820901
1923057906
759007477
441649414
50399502
103876880
242714901
37882134
76286233
398723354
300157213
75891077
1317013801
2207385898
185960749
2164758237
102992176
29657394
1465092408
409536826
942934332
490506560
160598337
577177923
76319044
70060357
569346375
467274061
261196110
716015951
127639384
274925909
5376342
613321054
334661984
299534693
178227561
139757931
632195436
274401645
264525544
943065458
1880185230
1365150074
324209021
390629762
278563208
17664396
316541325
372181391
34867600
147327378
404228499
1227950484
636764569
225479064
336660894
234646597
529172897
787188132
341543338
34212269
29395379
1620197790
29198774
2464516535
114133434
1379502523
632981954
47057358
39540472
2233272787
110496212
130910677
387090905
427428314
365398501
576489958
582650343
1339034090
71535088
36309489
20744693
22809078
292391415
288688633
23562749
80022023
174164493
416877070
500009487
461965847
270273054
240211717
310413859
130812452
52660774
551684648
358025769
411503149
361826863
91589170
306940469
33491513
127797824
845089345
2284827572
233605701
248646216
16439052
1517324876
307432013
633571919
318276024
320703061
180718166
64981591
1460415589
82152032
84576865
367954533
604670566
1351289449
96963179
490179196
804424320
83561090
60361347
54495887
281610896
927009426
276007575
113707672
320146074
630000286
53021349
214403753
240716462
289445661
84249266
1851427508
1115065022
47975103
35719875
198445764
275974862
1917108685
714771158
34933464
1417186020
102105553
385026792
331516650
74025708
1903758062
97290994
257526530
947129094
44838017
1906805515
529304333
242912016
1538146776
1545866006
218401562
520293152
186387236
44075813
588942123
288230192
436112177
344820530
236410675
2366999350
99126072
1286343481
844172090
2410318653
387051672
352862688
37620546
272042819
70716233
342646582
213977948
241503069
56036190
128224099
95652710
380537707
32836463
17042289
53185395
1722944372
221318010
247935402
854494081
467536771
575507332
440863622
443550600
287116183
355470233
1134594974
220924833
68979618
2171931556
18287525
28380072
427494333
57904062
969294325
294226884
588221381
251038667
1694662586
110955476
128191445
176163800
61279195
35228637
272305120
575671268
1145998309
321260529
353930226
128814067
369003510
927599611
22612991
501582849
170560514
755207172
123669509
240618506
209980427
40012816
484819459
217517076
343182357
440929302
396626967
174282586
1710918691
989531172
392039463
861899820
595253085
302156848
459082813
266439742
245894209
19598402
41946181
315690056
381029454
43879504
89211991
476515422
86903903
789351523
106105958
368872553
267147112
209980531
262573172
34868345
539155030
45517949
1272712327
34671756
53021837
118066321
212307090
272379075
72027284
44207260
363695263
594480288
412322990
1960709299
590875834
24153275
918326460
506956991
358059201
221121733
1926499526
1011125455
330271958
171183319
278039769
239340765
306482398
27528421
420992892
274500846
267193584
2241563889
291231614
146443511
877432056
1655606526
115903743
1550093568
312530816
273026306
412093699
87690501
592743687
563219727
75798403
494210326
313429283
374017320
908791082
211848491
1236405553
85560626
282018355
620105012
999195188
2160299322
71798076
2198277442
424086854
158305607
927042888
1726549321
28773709
537988431
327421268
490114391
314256486
120982880
312642913
2254540131
139521254
546639215
44895601
847351154
317295998
25267586
454921606
609127815
313789835
38636944
100994449
798002580
2191330709
187403672
38404676
197430682
110759325
157126046
83103140
227380646
242224554
1241877931
397315505
347835830
462622137
162664697
329551294
518163903
1968536251
358845896
246648266
2200047051
94571980
190975444
74452438
185961943
396531620
1139346906
262901211
146509277
296291808
288722401
123506147
190582249
409341419
341151220
1565265404
1378160125
1412590848
142743467
144786006
37883402
1346178583
74124824
262508059
252186140
1279594015
82841123
137268773
954207788
283512365
34049584
1897322419
148770356
209129014
361114889
257101370
15863355
106434109
112397888
245730881
826347074
42831428
1316455009
487231048
303763019
270831181
62918223
241501032
87736931
177515790
354192987
420122205
228593250
2176735163
453840484
41815654
67047017
211553898
918335564
873661032
113020531
385879668
17862263
176524921
83988090
248319611
591728253
152276615
301862536
416648843
1133579917
1003523726
99126930
1347522200
225316505
17731233
240619171
263280582
1432194727
969281192
912035498
41782967
233868986
268406459
1577881279
217190087
2301071048
439291596
304975568
74190547
882609876
2447775694
2330234584
431623899
89657056
159780580
38211302
528715496
333909746
324865780
306089717
579320364
922685190
561090311
47714063
293310226
94277395
1712099095
16650009
836218159
249682351
1277253595
36048677
261197606
379195177
338182791
81145139
1589120826
130420539
545918786
60559176
302157651
221024086
2352123740
420286301
250023776
1645154149
46411068
279416683
242814829
2306084721
50564981
31362935
581701498
39980923
953159550
240550549
159059840
249139074
176131972
124391302
102010759
247730056
19304330
261361547
277974927
380407697
262803346
226004884
2155450262
149426072
326045594
416419743
127471520
56102819
470847399
546049962
802754484
178804724
910692283
63967175
866553805
383487953
274645667
100929494
304254940
615452640
384700387
26021861
538972135
347639789
299569134
383225839
2149355505
426479602
375525371
76091389
1307185152
636882945
459378691
1555983702
26972168
2246610965
1376423960
378869764
241457159
240259116
15929391
34934836
156700726
72887647
595431484
241111102
53022785
1468731462
47910985
241832012
16388173
385257551
211456083
634654807
57512024
219222106
104730715
397807711
1660915808
156948496
420286564
105844839
240980074
240160876
155979886
269226097
1929449588
248877184
440733829
1407520903
408981644
189272208
323948690
251695251
99094679
43847833
501059741
268669086
293507231
479334560
34869409
32575654
236949678
138809522
485462197
32200735
238948540
395415742
709103807
1603014848
34902209
237408450
275484868
61182149
105058502
949752008
324931788
356094161
294031572
262639829
200795355
246714586
1470009564
531173597
771166430
267948255
143790306
973476067
322113764
319623399
123048170
289509615
263131383
436736249
290394366
32379140
382676354
36311310
267686161
43127058
2434896151
1019973913
760221986
17338663
1381175592
819564842
154013997
210211119
535162248
1706791219
200544565
432247096
1396327135
1556835722
82383168
366121281
98144578
456692036
556798285
14455118
145232210
206646670
401510743
307827034
522490208
310734224
2182058338
213651813
128487783
1579194428
502701231
132878702
84087151
101454193
478548338
256479605
372314487
41193848
281582631
459477380
416125320
706843025
106729876
81105313
78614950
482382247
91623848
13472172
589894061
178285981
373952951
773362105
4395451
344035779
89166290
931800138
22024674
936514020
24547814
130781671
1390023156
630264309
297964028
317624829
604344834
1706365446
29233671
1913295374
587312557
1727959573
616534554
1114771999
137925152
446534178
585863716
271520293
561234697
242684481
94179911
428249676
92508756
68414905
1275265807
246747751
387027564
249540029
129241241
186357866
620237442
350294664
635507345
86126019
129503892
561207409
155816626
545952435
24875706
395842236
304222914
237703876
612405960
39260873
959976139
459477708
773526224
18354897
624825042
342790868
337154776
129745700
233476827
221752784
297308901
1052447467
428453330
126522095
1174672124
964956936
1229412482
218501902
87134993
360485658
237671195
157684510
22745892
133731114
253170475
36967214
245306160
1619941512
343479090
32281398
758780730
325456700
35459908
155959750
375554871
406885197
2394624854
85496673
424055651
96146279
882512748
327226223
303836648
1585714034
1355453300
34706293
505058166
87724920
460034941
327324544
117019530
174953359
410817429
191337371
915116959
749628913
150967209
94105074
314545072
175739826
298193845
345805752
1154388924
24843197
768381895
1354896331
514069452
18191311
267850707
46142420
520197082
1142293327
315069405
1615238112
554341346
39490533
421053265
69309420
243569648
299620520
300717043
549557238
1181520888
15733753
329487356
359896066
1897698307
473797638
48501772
212309014
134517788
923243550
265819169
267260964
36705318
365532201
1569428522
284955693
473633838
34247729
335877172
1580995638
420942903
270931001
332338235
576132158
308646978
926946372
1854107148
1133679690
51745867
132486222
105419858
39457875
469603414
20976737
47060066
221353064
37917802
67638379
465704045
225776753
419959927
462689400
233051265
2367001731
1863118358
250665154
290463365
14226578
155849887
459309936
476648610
352457892
1118835883
29168815
549983408
489264310
427514058
1060213956
364156101
1566282950
393876679
251991240
217191632
84939989
320836827
1076335838
367596770
624903035
485627110
785466236
329815275
360486131
1467749623
57129567
155391229
209523967
53187840
316347652
41882885
324343049
254121227
1570936080
255857940
320378140
259152090
37655838
83170594
214832420
550727353
915051822
181900601
551720257
981850338
2280992323
15504724
135147065
1891505497
1153996123
236393821
114529630
297276769
453055845
871404902
24165440
321459562
294196589
36668307
529601909
223778168
38671739
1064899974
485397895
55612810
1114510734
586093969
203036050
611685779
223828206
377918877
475665827
277878180
1318589863
354358700
47027638
1904973241
363795903
38405024
50647170
531404232
182261195
74159570
203789779
37164500
138391118
588223960
256415195
855971293
282564072
1106548202
2223712364
76907433
149558776
1474532857
300848640
350869760
82843143
306294360
210736666
25040412
1883444773
267147020
367892007
228628014
1734629678
44340796
228988477
17700414
425694785
383587910
38923874
596383315
263525980
188814943
1000347235
37197417
325097067
453285493
201594486
221681274
299025343
258676348
237278846
259441600
92018317
103782034
329062036
301930136
2160891551
370110065
117053098
284890795
380802732
806840690
74684080
120756510
1168283322
287938240
1640438048
232167106
143726276
157947589
1248696007
245765832
203462349
282531537
84022994
1580340949
483170010
486491087
336631517
531502814
544347872
367990498
2423271035
266082022
1690408681
595450152
278435581
346134273
163550980
886675206
1465456394
91330322
1356633876
91068181
718116631
138745629
1007338459
1663145767
132060969
101521196
213653293
384505647
1049892660
313956152
775788348
247207742
2171006603
1008834372
91855158
2238584653
19896150
409638745
219977562
1349261149
55220063
214144864
195401571
2204669800
56465258
332928881
800823162
385488765
1019287424
1859541312
2223347586
81921003
47307073
17766280
1933449098
439850891
179083153
70211907
194025365
197171096
117315482
274391045
141563807
32348065
428906404
34986310
387585959
380231123
32348075
396761017
329029563
1968805824
405581472
80517062
278960071
364124108
98113486
612603858
158668762
1075910622
2154469345
346036199
211851240
288200681
132978667
100472813
297834484
39491578
85268479
822941700
893229067
363010064
42014740
465999895
741087258
402298910
470947877
41551530
107124776
340400173
506107951
384735282
78354489
347772988
27203645
464132163
59512904
558602313
279386186
324234937
317823065
365336682
461903979
17700975
288233586
274536564
966727800
452991098
85825659
77994114
328877078
246678551
66492556
471832717
549951635
1491179670
2148784963
192223390
362584432
349706408
885987504
277944497
71190797
224549236
474749122
36318923
351475908
167319749
2199296199
714348746
109025485
180263119
293312733
415406308
2293078245
481335526
174594280
129145066
189470959
71222313
884742392
197826812
297343231
42014976
269835589
245438730
1676122388
71047449
38672669
469276958
552769824
37165346
110696739
2195134761
66328875
292264238
476617010
767236405
385095990
222009656
26745145
622172475
270801212
17897866
183769414
842144076
481384845
859609429
858102102
315234648
64690523
1884625244
274045328
67115363
1313315174
371726700
344004976
229874034
326179196
39721349
289413512
521509257
480942474
1404672398
2148145551
83892624
1359026587
606607774
1736022432
215723760
342366630
591731118
234789296
380410289
211622324
77961653
284367289
726768060
863476159
284400066
127343043
246965509
238688710
180328906
438737356
358685134
244062672
16128465
256416211
255531478
1318296024
593467868
125245917
29170146
1668323814
1295030767
197728752
84023794
365500916
468326904
254941689
1324161530
78850736
301472252
17701374
558766594
89659907
461052421
349575686
1728332887
405379598
39754257
302018307
182819354
444504603
506796574
54144279
271981089
62495267
766351909
174660134
617191857
1640045101
814455344
605624885
1654823478
2404743867
1374820927
1044027968
110336581
338991703
5872222
326015583
87923300
998677099
571644524
233871983
38148722
567526505
253565566
98660119
270408332
35953299
603822741
549864559
1748146844
20421278
705239712
300849826
275028422
547134118
299735720
119347882
242686638
264084143
121805493
389946039
311958202
304519867
369433277
268212931
35166917
216308422
1022209825
34872008
52009673
77437642
619693175
24713934
720083665
144743124
296222403
303935268
469572316
117971686
92216039
19110638
134355695
216963826
375003892
307993335
250616571
1091104554
204348160
1433344776
716020494
133208847
380961923
33954582
494115609
328440607
967809824
270900011
378384180
67557855
279452476
1103469373
126229315
18160464
1650957138
170990419
15211348
127507294
385293152
402856806
520297325
168625299
187833205
388504439
150587238
598547327
1471585154
52075395
495754116
538294656
318315402
39984015
808524690
385918757
177118103
27466655
391912356
965832518
241998761
213687216
449682366
301849077
480582595
19340230
30022599
267656136
361864138
97393612
94510036
501717973
76323805
461216738
235052006
2167769085
365370348
1341201396
82582523
6822912
162339841
122002434
26450947
393485317
729095174
881558947
36040535
174136334
2471009295
106044434
128883733
381951000
72064026
615291932
1294212128
250027043
1410079782
278436903
128490536
39033897
337124394
1524014124
202316846
501116765
248421425
479665207
287120442
160930875
257203261
527670334
246160450
184883723
289840196
273521734
276066146
430054478
227679313
460959587
550968406
400596056
552016986
1376197728
250059875
369335397
1524243558
873831530
337550443
934714476
370121843
28089461
191765625
84810875
195075198
326048896
114728067
28351622
285613196
465738893
1600986254
253893775
195304599
604478617
241015962
276864155
780377250
1159436827
30678181
602938534
46144685
90676399
1672944816
338631860
1159732405
494771382
445521080
344514745
389291194
364027069
37236597
286218787
857087190
84253913
304946394
305044709
145923305
295738606
324082927
47946996
832904438
251043065
629087483
344104189
1172020482
348101892
33561862
534387976
873274639
1941806353
1032494358
216669464
108928287
133307682
263036195
1222876452
21175591
518528299
34872626
483695925
214408503
297934136
311985375
476716350
1190141251
271850821
327294278
33463627
367140175
201629013
990458298
1317258470
1522507110
493044967
256056701
199728514
103816579
1253449094
94805386
2230164875
50769816
116432279
474193307
328474014
189536837
237646200
410656167
37920169
42605994
36019628
380870062
247831984
57351608
1131781562
1217666491
12459452
396008896
1003625930
623549899
340762060
330898895
68427216
1555308002
1616748006
62234087
463904233
1375247852
182296046
92970480
154836471
1560845821
1099384064
239771138
475471365
270900746
475143693
361897501
64855582
501620258
120430118
191405607
378019369
343875115
535535150
1041636913
56958516
632069687
182427192
18493366
1719869000
500112970
272834124
554344020
430710358
572694104
410787417
457907804
183737951
34872937
745578090
270900846
273784435
90195221
975543937
341383787
1027284613
250792143
32874128
1227628183
1283235481
2339151519
364519081
64163074
70360760
234495677
1844158146
347250374
2241306317
265461454
274898640
87891665
28974804
612474581
88383195
158113502
236887776
42868451
2224768295
58858110
458268408
337551098
270278396
139337470
266143019
54173444
438443784
186752777
267165645
213753611
557588236
464509570
411508497
1049701220
533929757
323919646
463576863
943169312
17309475
321855269
182289911
1899798319
1899552974
76914482
42934072
995303232
259465026
43719307
166238860
1660559178
401579858
324497379
80387925
1489903446
1372495704
111124314
395943772
83205981
156933982
307830624
61710180
1374822247
581934958
1295884148
635361940
1347264380
278536061
1678843778
492937093
267100039
616046478
855973777
1181041987
310747033
1854971802
23338908
165027745
368320426
112861101
257400762
357638075
327917500
567123905
319692738
761929669
1654726598
165093319
179576777
309501901
28312909
1078468561
830808018
545267669
413081560
47882212
333422566
57099601
219193320
44900332
609886193
284499958
932749303
15671288
561946617
510435323
355508221
442212352
91168769
435167238
96346120
1416470539
355639312
34906130
713105432
76619803
623747101
468230174
1725374496
317956138
313860142
1717346353
632201267
318677044
88973367
102015033
857808955
92807232
263200833
460118711
63938636
1944363086
289222669
218079316
507605007
618078301
163356774
300261479
241180776
432429756
525770860
159359087
72523889
1074274418
1323966590
234266752
1022566530
2267357322
632332430
811573392
63676564
61350041
26452127
391651488
334504098
60367012
342991013
127279270
261300393
897140082
71966896
1248043194
828448958
103227584
50307266
263889094
89858248
568238284
369008845
81109198
424106702
66986201
467673307
502669533
519250142
75210976
528195812
2364842224
55222513
262054135
342268628
39559418
233167574
45523216
166994194
433266964
934355221
426451227
349610270
33544923
782803236
829497638
1224450344
190161197
99992968
123838770
75768115
157491512
202547517
263594307
745742665
98869578
616145227
188686675
477405527
613359961
47915362
119415139
336568677
264053101
148808046
148316530
1362665844
361111925
1324744580
398664059
36905340
526113746
73277826
91784598
261366151
1446388104
607199626
230990219
286007692
401744269
793649552
286859674
1410507163
284107166
122921375
73048480
16720292
182329765
35725736
424518057
232202668
216965550
518037937
84779445
606216630
237642167
163946940
90828874
955228608
39494081
606347715
1012867524
327328201
83534282
1565794764
294035923
210197241
449815003
110666205
56074719
16294368
403462907
43327977
16188839
50633469
1482170864
38412785
89694706
72491507
102605301
315171327
515383808
267133442
1095541255
254026249
612835851
1016046092
721035789
16294414
949809240
149496341
556605974
220242455
822977053
613458462
167879202
42902054
130785836
262054445
115384878
1864639028
223420985
2172822075
200417859
452797012
1894461540
1367319134
1297752672
284926561
76915309
331588210
35227070
1642978068
358457979
418161281
450534166
265233030
276931207
213688969
267035275
304259728
359932561
473866901
258974362
65643170
106635942
43066026
623026872
87171770
611492540
120189045
603529920
202875586
256025287
1550525132
15686435
59056859
516436090
464724706
135487010
893297401
931406588
357475069
1030529791
870032130
619258630
544088839
332210959
592978704
320643858
93823765
76981016
109932676
537994010
1621140253
40444705
1145053986
537207590
1450910509
278971869
65315634
186000180
16589621
36021046
291349303
357016378
175678272
373826369
1449009986
124429124
40000310
636035913
151921484
1676092238
174170959
389161812
102671190
187867993
418095966
38413152
150807400
211559273
36316015
89436307
420546025
1688544120
1682940793
1119626106
1285400629
1423090560
41886593
1694737284
95200136
1009296265
335324042
1174184846
541533071
50996113
328915779
289547166
1851284293
72033184
29405168
492151718
274998184
88810414
449749939
349610946
438215625
102343627
708813774
374580177
1597861004
122313550
524133337
20980700
1071031266
50602979
413672421
380937195
467641326
109519856
193307633
588882932
275629567
382837759
106013698
67019781
275948551
211952648
29664268
214869007
506897425
468207107
45294614
526361623
288007194
568894492
2206409757
593896481
243835938
1657316388
2285610022
722510888
617948202
1270653996
78292017
246916149
331097143
469181498
721822783
20502643
1251779653
210740297
168698954
111358135
146023500
1377608792
296133723
33891421
1320100958
624370790
274441324
607069294
16000111
793519220
1013195893
427402358
30254202
113359997
428156050
21210269
1921328286
58762399
558933155
982394022
772023463
30680235
556868781
265340445
1091577008
1238410424
130917566
92939465
387228876
61809871
518431953
17310930
223168035
36381911
359863768
233678043
598648029
1108780255
367830247
304391404
390000851
85763321
601859332
435856647
403645715
276047129
209921307
529179934
1258628384
456992035
107029796
39028273
1545938216
873702697
1562387756
332334642
321201459
29402420
2369332535
1245546036
1189258560
48407873
75539784
1496819018
291251535
497952083
368354645
397911382
540910936
1538925914
551253416
225715556
1410352700
206251375
1013982576
606872951
385361273
581772669
2460591489
218834307
23569796
581736425
303965574
55215681
1898423688
257399703
246687118
449029520
579118481
334505362
479503764
819176864
614081957
66463142
467510698
1920252858
141698481
495035832
393278516
403318210
132818376
522134987
344892876
422028749
71272013
271787479
288761304
246687193
215934829
2157454815
387130848
92251617
86517218
1513465320
377857519
2315560435
557065720
324273748
209495550
2326049025
253240852
316352026
275719707
267134494
455812644
21669419
558376493
174958127
151430707
636888636
715531843
484626839
765470280
1079060041
1851303498
153069131
515515984
321627729
35759701
388965975
244033113
36021851
289318492
209462882
99722851
47326823
188819056
290989686
259827319
79275643
277456509
234268286
1498162819
2444606333
439283991
540826562
242230927
293938832
538093202
146791364
1703782052
567188422
375596717
310025160
140811210
498706113
1897703107
226698948
1135191750
330865612
161228501
58861277
153495262
249538275
301901545
150644458
300211154
199640702
268740343
40838908
703702784
27207425
272770820
36349709
393946895
609147865
216639265
446211877
90679080
388278059
391915314
1714890548
278439734
279127865
230238013
827502901
271820620
253615074
430778192
216609080
36958521
41133912
519546716
761669472
525346661
2253323601
71280497
42604601
41329070
1732323194
215361406
196257663
487597953
1323968838
269166471
743221130
337848205
423438222
1732061071
363046806
249571226
1243195291
99624865
193605958
264972207
42575792
351741878
371814730
329997301
561481376
453191618
600391388
39987142
1526998988
1484171221
34973658
224569311
597338093
222504948
734472182
35727352
594356221
143173636
246786056
31369228
78915598
141174807
502016029
1567926302
45374469
163464880
14264358
193407015
552478762
539109421
141535278
455747635
108898357
89434169
242657340
427501633
1395203083
2416912454
412067923
55617623
255633500
383297635
1594317841
837167209
812623980
206579821
25995374
945465457
705177717
30255235
322644106
361670801
411314324
42576024
595699868
156870821
92252326
65906861
308750525
520333504
279226561
404702923
36907204
259238087
386083021
1497573584
495560913
632301778
217360596
356133078
207923418
547137755
630204636
481241319
1065330920
747677930
377333995
240134381
280897774
283060463
14461168
2166368499
445425910
216738040
226961658
1680386310
44640521
789063948
1053567254
188360983
1675536667
605202716
445983008
1498982696
48671017
52341039
300118409
107030840
67578173
83601734
19231117
347711831
69314908
1724590436
40642918
309143913
605071724
1265215855
252619126
2260600553
118696312
55486843
556935549
160934275
265333130
43297171
396536216
2194319771
344795548
340404637
264022432
358066593
758884770
235121059
709568935
228338091
407668466
62597556
263104951
306732106
242428352
223244704
248523203
174401988
43297224
1231595977
432353698
841591250
781101523
762390996
76622301
313174328
715958754
304425444
237611498
68425124
80620014
352055720
275098098
218769912
1097804282
372320765
29043198
348367368
94284300
267069969
383691283
20589077
60566038
190949912
291711520
345909803
1550527021
409086512
960932401
81111603
425273910
265890359
462694970
41355018
1633036862
14873013
47242336
21441094
1021684298
53619275
216825364
491465295
144845398
224340573
426551907
538094182
408595049
534260331
40217196
60271213
378546802
1663838844
278371434
585575041
376613511
236333705
93170315
498084493
327363217
119745170
50997911
242395808
784658886
388770472
114961069
319072942
159034032
415476407
206658676
628468413
246852286
74558147
70363846
352365259
2194877132
86143437
1017942086
26847960
432581345
430125521
370944746
414886638
464038640
215952113
36645621
545408809
366422779
446343932
912272132
176040709
56437520
1044720402
610839320
100215584
90155814
551044913
179022642
342174515
48638775
64400186
153483089
17509184
317762370
40426635
218934084
467315527
344533832
152316748
25340754
302132051
60173141
20753241
1643490144
877603681
85371748
893501912
2162010988
67971957
595724850
236301191
308709186
86059919
110668690
184780611
70986644
46865561
408312986
44608414
407022508
501066669
252488626
497658811
1119988669
83766207
135998400
110701505
85797826
2207558596
593981942
45624262
175025095
214445001
506145740
366648482
82848720
498609105
537209811
1091873748
1512418262
239774691
265300964
762260454
1290578922
571666941
84519923
270609404
468593663
142355466
539952983
2182383448
2340629525
429042712
213265434
224959663
160869408
183577634
717630500
342109221
235580456
1725082670
137800753
474852402
427280222
196750390
267234360
866495546
1912908860
35728449
856828998
560606279
255994954
1199746123
349645908
37717860
264055899
2233445469
2252090464
2160307300
30230374
717597798
290663527
276966506
481176688
15903858
305933430
291309417
2183801978
436612224
467807361
1309781124
1513204873
359509132
70659219
289254550
291581079
37432474
291908764
64728223
1163275424
202845350
48364721
1673178282
406980466
562310325
226897081
101688373
1261513916
316550334
1404415171
717860036
41856198
572435658
267627725
63057102
589901015
371731672
1573777956
1687989469
227519710
212544739
104417148
467676396
409279699
2405117177
744893690
151530754
81046789
409840905
212872459
245869836
247252866
1709321486
486911253
1076014358
137370841
178072856
124071196
248884509
361835809
270937380
317147014
245869866
474656043
605662510
357444911
261124659
203926842
353610546
325627196
2189372736
1506061633
119024968
34843983
253970318
306294103
392113503
293514597
41168232
2210278762
33205612
374451566
622701935
1847274864
369044851
338210165
34876795
84553085
357313921
52178306
827239814
56995212
241053069
76295566
373009808
494316949
460467606
483863961
1972690159
328969628
126528926
227356064
2240557432
597044653
267693491
313535927
146054388
452767162
94875069
1100688830
2239016385
206991947
1227075013
1352707532
36023760
31370706
119451102
148712928
437726690
289910243
86519268
497233384
736898538
632401389
36941299
248360437
31698422
34876920
383070805
43494914
318877189
21081611
279719442
77966869
212119068
463188570
247311905
707309090
477408807
289910315
1897700616
93892146
359378483
64368184
347221561
56667707
94318141
90811967
1293823555
156642884
70955617
483405384
865939022
200879697
241479253
404631128
386969177
256945755
357543517
252554846
211529311
811708004
33238631
355479146
200853437
278146673
306196082
376090227
1590177397
56667769
130199163
53685884
413970049
73379462
10432142
284667542
440184478
108572319
106999456
405384865
367734439
76590772
1028796091
87928511
749285058
514076358
402730696
42610379
226602708
54570710
49589975
358788824
1440722654
220016361
1853927148
331525872
267169521
190918386
35696371
65908471
52768507
708521736
267169546
251145999
581676816
108932885
475639582
474820385
34909987
1307946788
335818534
27614513
823013162
386543406
2183848142
110964531
173256500
123187000
1249685305
180891454
146353983
352464713
252489550
240786744
131510105
300461915
1650536288
31879824
821473122
299577187
1008971624
403615595
376647540
239775605
329625465
110112637
394866561
65417092
431468423
111030155
588361613
1059630991
562311064
245051289
722644890
420687772
35265861
378548131
1267150760
378646449
82063286
427208637
289189827
970502084
284078021
362655690
262680524
1004827298
755445722
37924833
158435323
579776488
427569134
280637423
1022570480
54505457
82325493
218443766
582758391
2372939770
83636219
24064002
600092677
357478408
391524365
113029140
82043571
65646623
583577633
241446946
157233189
238039079
151498798
1280159796
19902517
92221494
569126968
81768507
185643070
42955445
616968256
577089605
356200524
311472217
329691234
267268196
73838698
210088043
1439150191
805417082
573878396
361115773
2222141566
548319359
201497963
326742151
339554442
479473806
2257465490
466202771
104193391
132182725
505917609
183185581
69873838
521155272
727986354
255373492
327856310
1089893065
1605054654
2172006592
89927876
155332806
1523658954
267038927
267170001
223807523
38154452
300232918
359346391
423473368
345436879
1005629664
59093219
103886911
396041597
914239728
367036457
536588539
856174849
92942594
190198021
80469377
464859406
183808271
279097617
213561621
99954968
55783707
293613856
591606052
359215404
161689902
516501813
409383224
195703099
58732865
241807685
1068872006
323236167
159068488
265990882
494973268
394932565
1667412312
368783712
56635748
280408427
2383294834
2305143156
1085288821
246690167
491041144
292794751
85832068
187511177
112669068
504410861
287781264
220934547
749613806
209203608
1078702490
81528901
433303968
2189996450
234347932
105329066
398815987
480320926
182563258
723431868
594555328
105427393
1114485188
52414540
198848970
23911842
312488398
406991312
553005521
1677504992
474771042
623981037
20132335
1316532720
802370035
1033023992
15413755
17019389
102576649
431895050
83636750
775238160
497922579
177254933
170734107
234304028
35172893
441905925
65057314
1927557667
273887783
555463228
456897085
609137214
274084418
837431875
947434052
619852360
88879689
137933391
453423699
106050133
331526746
365933148
1495801274
356856414
34834533
769503841
1704800868
281948774
2320839271
303870575
280113777
369439346
75255671
870298230
1550430842
294531709
130527875
233845383
951306348
437695114
137245464
180368023
1150235292
60502685
118502046
41115077
563884704
1136517151
479998633
2199889966
155890348
541700782
231781039
405680833
784768459
2280010438
76919496
44380875
606253776
263041751
413938396
434254562
56734443
130134765
26456814
31175410
392191443
347124482
90354435
312652553
21213969
233943829
193639190
429863704
326218528
804631332
43889447
1886860075
369996589
148845358
308523825
1734456115
140849985
170046276
133608262
354726729
596521803
164803406
37925715
214152025
60965929
469939037
514558097
138037395
227652473
216314749
261731200
875344770
64402314
943436684
575157136
518599569
48673684
1188797934
1659581252
296268699
181111665
190231456
563027440
72823714
1238217637
430683050
945861554
1901147060
127054773
371274680
314520509
26194882
241125537
291091401
5845962
349189069
919417812
34921977
991540188
45888483
66368488
355611635
346175643
2156803061
414659580
251507712
119354370
219657223
363279370
1850553355
207467533
1904292878
322548752
222475281
245707801
276870173
131085344
23933985
87143463
1378694186
70367423
401880126
496033291
135771208
281130059
74134611
1303196761
1326855258
300987484
69907557
134820968
229094505
35206251
1076540526
185971826
936195187
1262367860
877900921
325629050
249279616
213202049
150278519
1006515332
169096327
473707656
295908490
288142477
262190222
314061967
1091613842
298136724
1946399893
436515999
101725349
74771228
552449191
229520558
433233437
54473906
326939828
16692406
114406587
214430582
135509191
213595336
83309773
386381010
1409529044
105821398
856896727
280933592
94778587
348239068
1641133278
598455525
235047121
1440756968
1510913258
76920043
2186654957
153531638
295711992
66303227
786183426
835859725
159823120
192492819
150680852
340866325
49952024
143406363
365327238
74724658
418985271
37631289
292369723
63059260
1467495745
348042564
31700296
632010059
789285090
1500656976
559363417
624833885
622179680
270873954
53654883
856634726
330282343
94057832
224654226
32847216
36910451
591770996
373831031
214496148
494024059
625587585
2156082562
145175942
1657225178
499529106
1977857431
73397146
132822434
92255652
28063145
842413484
346633653
1917269431
481899960
2253141434
260650427
147523829
154023361
947828162
496055747
39531974
22754762
572896715
22492620
555234771
73676247
283424219
1655780828
1183823328
35698147
527185384
208942571
220607980
340178416
39504126
2181674492
389985790
40482312
44119563
158348816
732509713
300660248
34911769
274445862
396178985
263599659
35501613
62109230
315110961
132458197
245544501
133707321
324515387
242267709
222443072
1317864091
27833927
39466568
267073098
1313519180
323106381
115127887
585522787
1371551316
236467799
167360088
16266841
110671450
373962332
134231647
110376546
557397603
273430118
619165288
264051759
487306858
607532652
276837999
1150432880
192853617
141178484
439268985
20756090
245642878
31274623
188659335
2383558286
2336546403
306656923
84326048
42710693
362919591
362591922
16529075
469284532
573519542
169391799
35436216
878490570
1060878020
84817608
976139978
202628728
49919701
2286237398
115652315
500479712
484685537
292271842
868136676
525383399
214906601
35731181
535607023
294532849
5486322
297907955
469579515
114767617
18231070
480917252
49297157
268351240
309180169
417707787
742536973
2222765838
30062351
16463639
282244895
340834080
220673827
296367908
326022952
895596338
83146550
15785609
233256763
209532737
297973570
387594051
234665796
228276038
1223866184
303675211
1532311375
71245454
2297345878
2149463895
1545221976
403289945
1615574875
881801053
377042784
182400866
103855976
1429813098
272316267
212580205
198784882
277952373
1857861494
1582118780
491206525
541669246
165754751
1915008901
56309640
589772681
105062039
429148482
194983822
159135637
97630106
264320923
2302097309
329529246
61442373
452802465
1467332516
603895718
224180136
430815146
267913543
1531557805
317044660
199374773
2280273846
518436791
749418427
710280325
232589035
34584522
278443983
34879441
45496278
875050968
558479327
451917795
539015143
365934569
2167584747
474691564
399489009
29439987
812365813
321304571
60045313
42032811
80263173
1060124682
68925454
1682782226
1482078230
548452378
1247000611
412432421
326120455
711178285
1676589102
204683314
1579780446
76003390
67548171
231422027
1568852322
723400782
707541074
1093122133
223918168
286570585
1318172766
87767136
354793571
1337210984
863025260
19904623
451295344
1057667185
1899477108
1097480312
471775355
44316797
350107774
297678982
321599623
88651916
287055554
135149710
431732883
434124950
75774105
115325083
363208390
35176334
1647589544
104577201
1290582194
622770366
388118719
218183884
384350415
248625361
382066382
37664982
15218903
1127921887
65485024
364191440
95664357
630469671
29145326
30030068
126859512
1897247786
179500075
375699716
376125707
1202010384
99957010
1162867759
769374493
298367263
808499490
1205946758
250820904
481212715
167459117
517323056
266484020
255932728
41105721
24033597
67909952
1688385858
200620358
60373324
153008464
50248018
496148195
618350992
195672420
94878054
486750569
277625195
35699054
1022048624
189577586
167360888
375568762
176863613
804043136
482851206
44874123
1512585612
38648206
245905808
1007991186
1011857814
90585495
287816093
1896626592
374913441
746731946
551041453
73020488
25835958
604486071
40876476
533445053
1544698302
306082891
335755721
507427284
296401365
116406742
931183064
1159956900
70957531
404954874
205765086
54147552
333298150
47397358
34945519
35699185
98843123
306723317
463649279
1383709184
313244161
1897052677
73972232
304429578
784579087
147110416
78887441
454638102
500513312
487743276
29440556
33503789
212344584
39238196
36387384
464501305
2334374464
535411268
125712966
237189703
301414987
629094995
293059162
66959967
66959971
584727153
65321587
323926644
429636213
375501929
56048255
112409219
212220551
165657227
1536080528
304930584
16431771
471218845
480426654
51002015
283130535
419478186
361118382
144828377
92027573
195738300
376027838
462764737
39992005
73415379
94079438
36584153
241056483
279001833
884095724
774224629
92945146
374426069
66113165
364854017
242072329
358923018
34880273
186563346
292797203
45562644
896136325
515226404
218774313
37862186
1617111506
1420311344
38386487
110181177
385235773
364243728
57621317
467254088
76594003
2248520846
460012376
320715610
252427101
212122476
76888943
221363061
221723510
268712823
16235388
407636458
1246935949
67320720
84294545
227654547
109493141
1286224790
1015069597
324189094
291178993
346504106
186497963
1269906348
130104244
237222838
289808201
178011066
393395135
1900362696
772029386
2388659244
41565136
274414548
76954584
1588393124
240661669
108608482
485932004
564509676
219927597
203013106
41073651
331653914
21511168
1645886466
35306499
406462294
428063754
293452815
1275542545
62507523
41565204
1614527515
111843527
45562912
32783397
445561895
282615644
1883585582
348601391
787070000
163363893
252951606
407944247
422067264
564771914
384777293
628276308
300661845
2320419344
252525666
35699817
1461238890
135085163
125615215
370949232
578125964
263568506
103234683
349060220
16628861
226049151
166935680
1238449284
233421960
988953740
185955522
393988632
21478550
1859665052
1420999837
246135966
305154587
43662505
475643051
1102691504
395984053
163454836
1323089082
251018427
821214397
250494143
39533765
204061894
158317767
767048905
413383885
50707665
373865692
255409378
152681703
462699753
1309981932
60046574
214482160
1415298290
382188790
155532535
299744507
187972864
226475266
582466820
74667642
1887649032
2166603017
391265550
204453200
58408217
15645981
980008225
270974243
32390436
73055526
464436519
216644904
241186012
851328301
323744989
595803440
612842802
228932923
575225150
475872575
159137089
311642678
211795271
106407527
368328012
1598012750
955164877
308428115
1229797952
185122137
485440860
112770397
46447967
612449632
594558306
1262140771
85671274
522040551
473677168
976960885
33144184
382025082
91340159
35995013
358071686
215563657
2266840461
1298972046
222510479
873577874
164871575
82328986
1659420061
401508933
81575335
1884725148
784580012
52346285
1130544559
988921273
76594621
345226687
279887305
383630794
163397070
1244249552
104087002
301233402
1301495264
37404136
124730857
339951090
50937337
878099965
1162493443
35474006
1893875210
348981847
2306915853
516210193
266550806
328547864
48283162
143783173
158121505
252560043
1979170344
419446314
188988971
37174828
124444594
135904814
326060637
1654636081
1295302200
207666747
292503101
63651393
95370820
135170657
531054152
63665420
78855755
484851276
595639886
469057107
315276889
325041757
35176033
271629922
333626980
507919973
157662825
263077486
736595166
76299890
506052211
330514036
257080952
172768894
86032002
17481351
368819851
330284685
1283210898
517258899
740081300
26230425
209501850
254394018
56374555
199736997
81673894
335232680
1259257513
64405169
1256275638
577388215
268746425
2410331838
334479041
76299971
46055111
485441229
268672973
234340053
243547864
95469276
390217438
509525728
925286114
57425638
492388071
27901673
1173634794
206225133
446512884
599637755
95389310
1680902784
632110850
127319812
871448330
344527040
267337485
199180046
553271057
296206099
1162821397
363606801
429768477
2340699947
365379372
255967021
291811274
214810419
421445445
63815496
257832247
250036045
68468562
1289568086
618236559
260685664
273071974
318947176
826949492
413941623
62783
46350205
255877099
99106692
377634697
110706573
507494286
353222544
264931992
254427027
1264893848
447823769
478855073
50282405
403947430
932134824
1166622637
190660526
381403055
273462600
1598341050
257408957
799850431
35700672
87932869
595738568
92782547
439828436
244006871
62767066
491569117
1157316577
197476326
183549929
520601584
511655923
34586613
168968183
1346289656
18333689
877412346
431448063
262094844
535183359
1260167168
526467074
52674563
280117253
64667657
1968291852
475938830
460242963
20037658
1726177285
508641318
313442348
301377220
273432630
214876215
1960788026
47890492
107823839
64176191
715931712
460079173
81870919
1328595020
167884130
864354511
319799378
200544800
498614362
280141840
304985446
728784913
127025257
34291822
70697072
294568051
964051062
319504509
99573782
90640725
206206316
192200843
314679320
33538196
244498583
360038554
1389379742
202096799
103366816
1683013794
715575655
323144390
360661167
44613809
571130034
467681467
465748157
214442016
1889353922
366002379
34881742
1589592271
317145297
49627348
30195926
327824761
86690511
453066976
546586850
854839862
355746029
361775343
857948402
378454259
591970548
34881784
1209745657
206127360
359481608
511688969
68141324
166052117
19775775
355644806
237322534
221659433
1159119152
213664058
1574256956
267600192
447856962
506446148
59425101
2318778707
1420435513
407486809
714326362
265863517
800276833
153338216
140820847
2176205177
382583165
112378239
1205092736
243966016
1117634948
525549958
116689644
1110819210
383795598
233980303
18006420
431735192
94388633
861225374
724451750
63652263
712130984
162808233
1186677164
489308597
290996666
263176643
700465606
324256204
40842658
59785679
1166286926
92029400
512794703
297877984
327270881
1369129442
106349035
442660264
607240692
615072245
53363194
12141052
420364800
1457046019
243286533
523158023
2324414992
1362248209
60899859
482066976
1304511018
1626128940
849494576
570409523
54968891
322585148
66667076
50250310
191447627
40878671
79446610
1354678868
1732493910
116277847
2454274648
562056942
81835451
41108072
1412416105
34652780
97862254
456868469
264913527
142459512
236095557
137311679
261669500
443592951
491963008
441762435
324485765
713966214
118702727
245678731
407847564
443466381
314196624
325632657
1733182098
14598806
213566103
217563805
229196451
312128966
83903147
273334958
101204661
1657258680
275923644
211993278
2199470784
447857345
254132934
450642633
2208776912
354337489
133251798
57295575
613958366
70206175
629261025
563004139
376718079
584925952
307249923
557073159
142590728
388154121
1423033099
35537676
350309165
1866941210
20661028
60965674
895402795
224215860
2308850492
283689789
131384127
279003970
189186894
270254929
184697692
227230559
238109536
125944673
378651493
368198504
1910950716
454050666
1937176039
1627571054
72041327
1514419688
273566526
211436406
2195964791
376128379
39207804
148863451
132957058
736576394
1475462029
489538447
158712722
395232152
59786146
396510116
475874214
364967219
460309418
296207276
591905711
349651890
230114228
257936201
1562592187
28296124
297976765
71287743
1286882240
242664387
218710981
580993998
278447055
96322518
41099428
2175288283
75973596
138036190
1282753518
120505327
44155890
97214633
343426044
216384512
99042306
289326085
251315207
92259340
126305295
364266515
715605014
34882586
171865605
219661344
136430626
366527523
1085588521
1885881386
257868844
2170504238
193217584
1092142129
47145139
364299317
32425017
248300604
135382085
1193690185
389334095
91669584
25805906
303980729
338838621
202097764
99468389
280380521
137380975
44582007
59131001
532890751
237159552
278971521
465388676
2215920781
529384590
2262287511
945603738
565396635
815187103
2184496295
127452333
880002223
294929585
297354419
334578870
1411269818
2258715836
211109053
475645119
374457540
1030800582
115066057
1272464593
378684628
183132366
2164633526
2157003992
295532068
222053602
443630820
400835814
54183143
456410347
39507134
389334260
316949753
196134142
599278848
708023981
34227461
42634113
488260872
34861103
1522386188
224642318
39863567
28969001
116999446
434357527
472827170
96126246
81085735
611075371
479675692
240665905
932889908
98944265
178865470
359875907
124437828
2337654088
562644301
302040401
342139701
114705753
17778020
118998374
218412605
59032946
180274551
15189384
254494096
1013007762
568182164
38454678
244827545
58508714
290997682
559793587
333530548
246138293
120047030
282281400
1397179842
36619715
338937284
2319893957
92980680
1487979979
104220111
589252049
176473554
1704543702
370558423
318336703
1963967966
39979941
269731297
104547812
187221477
35177958
1702610407
65357289
118703596
257621862
228017654
93735849
70239743
590136835
305874449
297092626
348571160
151012889
348407322
185124380
20694557
47957534
738674208
559498787
66340391
356140587
1493026351
42386994
539772472
1719715387
58476092
260011616
261670470
429016649
858113610
516376139
44123733
314492508
1543292516
886814310
371115625
244008554
18597491
97240693
369772151
1734156564
489277050
79104959
1926743676
104810110
567375467
583124613
453723783
37210319
186402449
128861844
1477887638
1710802585
236897946
508595141
1897756272
99075754
264947372
97240752
257476274
132695734
241452728
23414461
46384833
213599939
423413444
1208600263
363611848
35768011
252430029
73582292
240174805
420398808
202983129
267208414
791168736
1299859170
23044390
321898215
226903784
281633063
989415151
257345268
1014679286
115033847
384288504
437029845
1715980032
726157489
296699659
743032598
1686718231
290047772
581551906
48318249
89704234
16009009
212453170
340182842
350504765
188270401
301385540
131221323
558876496
452839251
123488089
582862686
408423397
117000033
33277798
256067433
841664365
1248085874
1726334839
39962492
556877698
272387051
38127492
550061958
166086537
1109804942
79710095
61425554
1899415453
539805605
245254059
147507118
626214838
228827465
1423820731
388876221
26003391
161007555
612026319
1896564692
308365273
273598427
784386014
101758631
701614069
408700922
1443416059
171231231
118999043
611534862
41797648
706535768
714983443
165824535
59394075
166512670
217710561
290179115
300795957
342149179
164743232
361351244
115908962
80267345
39209042
215589219
207484601
8538202
796084316
722520157
627417445
233949284
300533863
1614760040
1474119787
1056688236
444450935
134334587
542328957
211077250
155535496
232835211
569395343
1900824721
54564760
1318876867
126568604
174966941
289786017
43665574
1568622762
1927334059
154585265
159413961
141150393
238078149
1893550280
158025929
298109130
604293323
238110926
350865615
1374669008
14567633
158320851
297453780
560253142
287131873
262260964
352241893
200132847
54118646
462735614
156584191
118704386
359942403
297224453
390711561
386418954
384583949
112249102
738478351
312133904
88656145
2162444562
2271299859
1297893661
456494128
610289955
722520366
546621748
577161527
2200881464
1386596665
75286850
34873739
793397574
38455627
294078796
267143509
43305304
86427994
1060456795
1243269470
364847504
256887138
547768676
474728808
212612839
398543212
299649391
598722928
92522875
240175494
549341575
267078024
165136784
111298962
636078492
921171696
393431458
297388451
369510841
363579837
16435650
197052868
2444773829
17385931
22836984
564349397
784353751
155535838
384322015
753027559
39471612
53338538
369429995
967625216
112970241
154094083
714099206
374437633
84396553
373836304
1327122962
33235374
84411545
553765402
155994651
164973084
104843808
1148340769
819481122
272845349
250694184
33573419
1974684206
1379022600
776657198
262097462
286018105
180800059
276231946
40122123
456313412
125979205
295881291
700697166
65648397
298961488
578374227
428952150
335792731
464767581
295553631
187550304
439339620
413784436
778488427
1217677933
214452846
210061940
66636407
196528765
427248255
227658370
169036422
120015498
1027946263
418957964
89115279
161368720
475712145
90399171
377637525
219237015
1662569112
273260996
121056062
555895460
589384357
506973297
475548335
267242160
217440712
352947315
953469624
47893177
270289597
2348239989
37178051
134924996
97012854
507267782
306083617
88853199
216086307
992660190
481905380
23775974
371084008
558795900
218434685
1430309616
1897941745
68635379
398772983
69913336
198789881
790755114
72534786
580569859
135056135
328583948
396118797
1344686864
230279953
413944594
66636571
773671710
2342898821
268127008
136989473
62901026
392743715
299136817
526404393
156612402
406932271
322718516
41765685
112413496
2250787644
228674365
161237822
229395267
1664371524
317901641
351914830
1086224185
124799832
102681449
1918061420
2393951085
2177387381
388156278
459066231
69094265
484887419
164285313
207997827
1626753924
235129733
487574406
831474572
395266959
347425683
73649044
601934750
261573537
183684002
178987505
216648617
35670955
620121011
10832822
168577975
1640156088
1079724986
101747871
263015356
759483325
1144998847
586533833
588079607
1899809743
809028564
474827742
28953567
167332839
295685099
89148409
1307517439
17484797
270776149
490130435
2218445830
258296842
1209584653
181193742
334089389
287848280
231361710
361778198
1361595416
29412379
763546652
939805728
14896162
252988454
19014151
321834028
116378672
37194931
130829364
1004915767
340773949
244010049
192859203
83643460
483380293
32066630
68930635
969526358
248663132
35736670
383143008
2155334755
224644197
242928744
285166700
1456917613
236145777
324848755
620350581
423644278
184470651
1200344191
247745666
97897604
190205061
1061112968
364235915
94533485
317246608
1509805206
1578683545
947506332
180931741
216288428
56347821
116378798
123489461
280612023
215731387
614386876
48712894
115625155
312265931
1967235618
96128214
290114784
308989153
340204101
474991399
317738226
213961972
58734463
402672894
585551109
598166796
285727251
41569554
787402004
610979093
1017224622
47347590
1565248808
25054509
488262962
352341299
94588213
460934454
296149558
594431308
432764813
2223361360
49368401
83643735
596299096
558845273
190183311
36949346
359943524
1625902441
41307498
94555501
78564719
34884981
258821494
23055741
144788862
339266943
335924619
985976204
195775887
128568724
1829784984
138792347
435834273
104811938
2303217066
92261803
931745198
33967539
1933981598
143740343
951635390
1705397695
254856641
432295362
1383681475
399297988
1262603719
440716745
422939895
440913356
193646031
330976728
58128292
243682779
39472604
211176927
76893666
45796839
250957288
599123820
1450659308
367119861
353673812
139775487
511856128
35180035
500551173
213995015
304238092
249056781
132238862
532139541
576966167
239324696
35737116
571919903
299191842
208883237
1412484649
386911786
1448136235
86494768
80825910
793660987
470961728
2226736707
430657097
2342768206
364465743
87674455
1381224025
291851870
1496600166
57593462
1341345409
444485253
402083464
324330092
526175882
1208274572
264261261
1376439950
345558671
312626844
46157471
151178914
610225831
236768938
597282475
45785714
1433030322
381406899
29183670
522079928
284380857
162025147
1556336318
847433412
502058694
374427339
85282510
74370770
808373971
54546132
1735446230
332189400
35507931
380948188
29413087
344182497
221138658
176759419
49336037
32427753
330387178
29183726
334548719
549506800
22040309
1324732152
34655995
253594922
385634046
1263881989
1891520264
251023117
141446930
315182867
388779798
288149274
377016091
67882783
403219078
207015718
292409131
400871213
553275182
46321456
2203143989
1269026617
522074079
2304626503
378725004
106876746
400576332
78270287
255217494
188043097
890648551
1174867345
58806135
250040189
958254980
320720773
23580552
229035915
81809292
246075279
251580306
177164183
266096540
810689178
230084510
438947743
313315249
139022259
96985758
428182857
806047675
136662972
1483919299
62574533
1578640034
65720270
34885585
852938708
165105621
21385175
1315229666
313451174
125974430
197349368
566153209
385339386
77221887
1683050502
1358778378
349622283
130764812
337038680
323964946
246140948
76369944
309088284
170250269
34623523
478564389
377245739
408080431
1258180656
920801330
332222515
487510068
796282933
1925074998
223105082
233590857
454578256
239248056
49952782
76697688
1492209758
34689119
90951782
292343913
87740526
323178607
468282070
1021928126
52800470
2268221561
368857211
329207932
2372358271
569299074
51040388
267309194
553767051
1256280204
358076559
291786907
221991073
34951330
190599331
47567013
604524710
77942955
176804014
19615922
231690421
505598138
265965755
1228071626
67883198
220025026
716787907
242241736
94326991
32854225
243585235
78237913
627144741
156946659
263114989
2239058162
193253620
246369662
257052926
594628864
330158338
491292917
607277322
87445771
85577997
98586894
368857360
87609624
68931867
983191836
37474591
192074016
55496993
459264291
1553223980
703582519
558676021
37474627
1129107780
44387724
1572184802
68407650
65982822
141480295
468537704
15192434
263075902
448713083
193843580
127226237
82649433
21123464
320824044
262132108
1396144194
36343192
402674067
495735191
292294042
231362980
38490533
345301745
229364140
82366893
895209902
297914800
1922453947
239751613
964448702
550162879
1407144391
110744008
215306701
314528206
390746577
48976340
271372770
471224805
326619625
613601772
795790824
47895022
240210426
440652283
90624511
110121475
250532368
15847955
87881817
223433241
121491998
708027142
37638696
272880169
307515946
721998379
85545516
904385071
1476514352
1514426934
278155831
610554424
376295997
484758082
2237728444
857854532
236048974
821973584
706171473
40817239
2464469597
229757534
462672481
623891043
204264044
22598255
2225099376
2204619379
1377292916
45835028
98751101
371925781
329732736
36328065
309815085
525259399
46954604
209079746
1008292496
478565009
276877973
331076246
316428956
263541405
1725256352
304403108
1004163750
36098729
487411143
563508284
548164274
246371000
306810314
367678142
968184511
240634167
240177859
631295436
761123532
39441102
1125110479
761516755
197546712
19714777
371675868
602657502
1815368420
104452841
252007148
62542575
1614729972
35698814
312562424
84833888
22008570
292154865
281662204
338809602
1492308740
45306633
56844220
1110823710
196563744
227922724
469160741
1305137958
38916908
161944052
464999217
2148692238
593974067
335794997
181949239
288236340
1212601146
593939935
277095221
1622102852
324358981
471804772
35771211
69292881
2186972643
33870676
893768534
94425945
460116826
873298064
173462372
1139037030
1050596202
380261230
190206833
713970546
75495571
549868405
511759222
2197687785
1184599531
2304889734
236770189
52810647
39474072
267604889
142594970
1490473885
176346017
173888418
1547466907
187257767
157766573
555144114
420271028
1374582942
14406592
579097547
215339980
333206479
188699605
285168598
536989177
888984536
406836185
69587930
114545629
27218913
753587180
603378672
18469874
1125102032
14144507
197383168
1353536514
338973699
617436164
22008842
486822926
1230633133
233559067
1667785562
188797982
290673701
615206407
386192429
535155761
992715614
196170808
117494841
390353980
383356426
383603776
525685828
96949319
1054856264
395596876
34268002
85840976
347133010
180343891
1595626580
617272408
715052123
483218533
1511511144
137334715
407069544
1043125363
344806523
853289533
749163648
2164249731
212522119
103273609
1571050634
269800589
85152912
163892760
406115475
144462996
35709806
625661083
148460702
61723808
247387297
287757475
490591396
43308200
199185577
112448683
66298739
340186302
167371637
481409228
582669517
215438548
2370589909
451433698
89969893
63427821
142759156
1916523768
150983931
62051586
721966340
292771078
789796105
264754451
1710806293
329864473
267244826
61199655
70079789
801678218
1249072446
432814304
1672957494
453137738
368891212
519361873
239326547
494818644
431891342
568120665
467359667
931681628
368989533
1061468389
2451836475
38819174
505098211
59725169
288875411
334288244
953803668
34657659
2179126654
52680063
2401621376
463066498
463099273
139875723
388322700
34633965
570119574
273831322
39081371
200398243
32200102
226612648
263261767
485479852
34231729
246797749
263048777
229103033
183588284
570152382
212129220
271766982
445306323
154488398
1344165337
251614685
260101604
172742118
920933863
557307368
1261229545
2234799594
589780469
565630458
81774385
1644451326
234706434
464508419
201643525
379180552
332846601
103273994
253253131
1264440848
273438226
17152259
540530200
326653474
355456554
34887220
356111925
87778228
584013371
1900205628
620451395
119690823
365514034
424531538
262526547
113399383
588142171
419714652
340809310
31209744
763319906
306140775
18896927
70702697
742250101
34956180
268555899
455693949
306140800
613406339
868013700
257382021
1261754004
36918933
150951575
277993116
68792396
1595823776
124718704
101865124
447567525
459495078
1417172660
52352694
280581818
292411067
35748128
778393285
429971143
702757154
363714254
302831313
80238290
421222102
41801434
513529563
702846721
617273055
104781537
97867490
379298769
574314216
1057216237
306108142
51697391
316069619
60127529
90593016
569300737
320689923
106419972
37607173
617076487
567924492
105436944
885351386
1218795296
27612970
53008174
262068015
501897011
73324342
1372961076
145250106
1014323006
151129739
2172180292
160495926
39016264
101701455
739058659
1125242712
875648858
32167773
79550302
220616550
252532584
122640237
326063982
1067669360
624678771
2252232568
20240252
271374205
36296574
148625280
1376737154
598366087
461985687
423286684
353556382
607180703
557766561
397727650
506902854
369258804
2172800668
1667913648
520712023
958617523
260563956
166481567
738449348
586667974
878630858
535549900
268425172
1484314584
448583641
18765787
34956282
1316706270
69556193
368891877
1571280871
118970345
109041642
57694195
39114740
111611562
35674111
268163073
26204162
1127372804
339007495
436525065
40851467
338909200
271570967
554203173
500622341
209147936
420337698
1403181091
271472686
22534191
173955121
128276530
589060155
350181437
226842687
41080896
1476974658
278190156
1310480462
473978959
35507896
260692052
33536356
395434076
1573443678
2256984160
1654839396
269138278
358114321
247715945
189028458
56645744
259446897
204331123
1487425214
258463866
361126018
335815702
86256769
200549399
217077903
339662992
718382106
187152752
86464680
253286572
708106413
223126557
465623217
1374869683
32331960
2443761849
258824379
884988098
105076938
86038734
338319573
172579034
348412124
82827485
428988642
1396922600
962451690
2330382034
90145560
63068400
148723962
477649148
196073726
374855935
447863040
223721856
44128516
31414538
624575615
28530956
573659409
86923538
386685212
359323933
327538975
94066978
313252132
1558100358
482269480
912838364
2237913386
286284078
557865273
62901983
2192398652
320690495
333896000
264048352
346741059
318429510
236534156
208656721
343497056
309158971
472865124
549378408
357980521
1228626283
63035758
405475048
268196212
205838710
59100905
283990395
989256062
373447039
296671616
367057284
1338202501
370694534
124246407
1139497352
91150731
1904105869
119691662
40851859
475093396
295360917
351558044
368433565
532177990
2441370022
1469864364
290707887
317741490
34858057
2249152952
152347722
212720062
72505791
1910815136
334191044
749558226
91675091
1508071892
1124489688
455793116
256989663
292870626
2188794342
216685033
2273204717
303782383
19061233
64248307
73882101
1896798710
72342007
465885693
1516100095
208296451
15620617
419715595
77191692
255064493
399858193
1594913233
85514771
349690399
102914594
627431971
102095397
106130626
407427631
164977200
171006513
205773369
40819260
820992576
93837896
25975369
1169357239
224516684
161634899
171498070
2214255196
210786913
2226674274
867687012
1144674918
713546355
1045453434
206985858
421845638
732846728
64150157
102914702
360143508
1142086297
318266021
294017706
2209282503
75324079
88853677
150952629
1013504695
110942908
1042897598
213670595
277404358
36920009
544234188
340220621
580115150
1254251215
1355569873
1396202198
239360727
19061464
46553819
478372986
48650976
91052773
1375492843
52058865
213605110
707943160
80591316
745495291
1647106812
1922554622
592591317
352246532
520215301
785308423
47927085
132471572
50614062
162978587
899832607
1412258593
485743394
2162055971
415521577
312498988
380197680
486824758
1564269368
84335426
403954499
19585861
329603910
1486216014
52343379
222558691
73027385
65657688
18799449
280451932
66968414
217340770
1422678884
171817446
812800878
83909490
280648564
262167413
70638460
293854078
454876040
848616330
1202360130
888396686
504191889
42589085
743136164
193747877
105896871
308992939
171826102
386096060
154786752
111238082
285596612
38820815
32922578
333849763
1573575636
368860120
632773593
154328028
264821728
988240866
2207046630
39082986
636410861
1119837168
336452593
78240754
636214261
130767871
35707909
988404744
38394890
479422607
236346385
2167033689
2323274787
354212902
47537191
1565154344
33217580
218413576
154557495
285727805
68443198
2330811455
219208778
136961103
62217298
208198739
318561375
68410464
924933218
1098177638
702806545
196469948
111598699
2295585902
88464495
1462525044
200399989
417659412
360864893
363879550
69229698
35740809
21912715
235922626
1184816274
585555092
84073622
347298967
404348058
384195741
947269098
396038001
1474845872
128244914
292281523
140762292
312801822
63710409
152198331
23747775
347950967
881876173
76307663
70114513
324270464
504782036
38032130
592010461
602430696
494460138
11754732
122150127
458120439
537058552
9854202
182508795
1244093694
371186948
636411143
839727660
970448144
114790276
311352611
1130192167
516381993
225271082
628313992
243948852
1148282078
176151871
2289851714
238148933
467197269
309976411
717938012
23420256
202956129
351493478
242700825
96984426
837672301
180804975
470310256
702766452
622583160
37870969
1017896316
216292735
446267541
584907328
351395202
521166212
364842902
332979592
1178688908
284024207
1603460496
60362648
509107604
248241564
591191453
349658527
456613282
297852327
74112425
293363114
561208747
813518749
38165937
1375165874
1017270174
568388357
484761027
226518262
45178310
35708359
1228365258
368926158
47603155
489381333
359783894
59596247
86728155
132111843
617340388
29187562
261086702
226909682
97443321
504389114
373218812
732683773
407723526
57597451
1538986304
439148050
1165745684
1377852956
74407455
1920294433
784981538
253928711
395140653
72279304
1317936446
357359156
255878409
120086073
459431482
420273723
403463741
1662148158
18210368
361324101
806248014
323216653
139639395
132963925
490364503
116416088
16670298
507371100
297865147
263675492
474865256
1074781806
239513676
188866163
1897324152
822075002
721903230
126344837
179920518
100720265
1435852428
58449549
396451474
290578067
85778071
1518427802
377314972
2210782877
199188127
504213326
74735266
100032163
36920997
373284521
44568519
300408494
48946865
347135666
48979635
128147124
163831478
359227063
57257276
582606529
981229255
711679694
1427562194
387735255
227974979
1330863836
191454942
636903135
234708704
118742756
372991270
270360294
62574545
1541725932
334062888
21847797
174579450
621174523
167337728
256664875
430137092
292445958
269377293
1600216849
1934122772
985980696
171599151
92757792
200433441
1890377508
451338027
304963372
568418093
263118638
242277515
960519990
495345464
2404671291
364961598
58777407
1715724102
106028873
231318839
219701070
43704146
246767443
23733561
60862957
252174172
1910788069
53033616
330325859
1182981992
358801260
264626031
1171873651
1045815157
506257275
132636540
611442566
94986123
635364675
710139800
292478873
283926428
370663331
1464000426
951246768
1724866482
623852190
248733624
48095161
43671484
529245514
885284798
443539393
17028992
302604229
1648451526
239755211
581885904
262692820
211952975
76675749
367124457
256195239
87384045
1316347886
40656881
2170707956
286106965
280879104
573530115
450766166
227237894
199319559
301359112
221700105
1542971402
349134865
601776147
39936022
541614107
41771039
605347874
249028643
621928486
384917545
1509908532
594503006
946626619
244932670
38887490
41771076
634642511
430170194
777904214
69853272
259252313
229433434
238542942
217440353
225763426
271999075
17850476
24137746
1017929838
214884463
508616820
211133801
428957817
15261829
345399433
927195278
21068483
372367508
1627873429
47308954
332980381
416986001
37216420
2199773351
281530396
720461995
168681647
26468530
592830643
256401588
204005561
466706619
1058208458
756637886
138043584
33874117
1690525896
247881929
128540874
338339191
146497742
1255629012
1635967206
549118188
1271750894
1103749362
120447219
16343289
87941373
41541891
92725510
184672519
613245198
347791640
169632028
34365725
181461279
395272487
1255563560
47276331
193192241
347103540
458514741
166977851
571171137
118677831
347365705
237166922
318333266
273965400
490529113
266133850
337666399
250995040
559097232
1541005681
180384869
290972033
235092716
11657612
248570253
62022043
981459362
382230948
82370981
41542057
267674026
295133620
301457847
108650942
364963232
325745714
132309448
623763915
364995020
333472212
245653982
1203954150
20406764
511664627
1575510517
123003382
367944183
93217274
219341312
539124225
534077954
68149772
369320469
869589528
244834841
1277059615
790070664
383886769
126575144
38396459
35709485
1246126640
388758280
151904818
851534388
36037174
347955767
217796703
286089789
990744672
211149381
130715745
599161612
278127194
43099385
276948410
32858718
630186594
1904529510
116253292
431841903
421651057
110125686
326132346
413950591
17916546
276095627
464413324
98460302
1699603087
347220252
2462638745
1205756570
427156126
356115110
15491755
132440749
36627118
1153196719
95150771
410772152
198140602
895095212
195683005
201188030
1100210881
726098629
1035756230
1594057418
78242510
537027280
375022289
1339122391
443507417
440918746
45408995
139164454
321610472
387244777
263643884
544563953
260629234
367846867
267772660
169829113
95019783
333406984
270263051
447079180
569856130
1101193998
332867032
2291098388
149087006
343958306
117728037
410641191
307880747
270263100
65364803
2326881092
181953358
2307973971
500654934
395371353
330818394
555377500
223404898
30630760
378626921
409822059
1943429996
93479790
430760819
321839989
462775785
2332255096
36660090
305030016
317776778
272634007
64218003
148300692
349561751
142369693
35775394
314074021
35709867
28304300
1274471342
1688593327
44819376
279001928
250536884
1196320244
823288765
220619710
427221955
14508998
165831623
301327313
353259683
2157372372
116745178
356049883
856286179
456647652
581690343
89940972
732947438
103244785
133358580
332703230
236315642
2262557693
469984255
369484805
1385292812
607872016
509240337
351527956
572613654
257385496
537650211
500884516
57041958
173138984
350217259
523101230
113228637
485581881
874013755
1064363070
704570434
211510340
1021568070
583919116
422110293
77194326
97412186
750937184
412312675
198304872
486401129
458974326
274856809
555213945
2204853370
369484924
801039486
126018689
35873931
55534732
459170958
236905620
574514326
488607940
34858141
43672734
1174234273
776332460
245785774
277931183
936633524
491611318
325510329
106652860
18605250
301644662
388457671
600740044
505636042
355722443
38298828
116712655
1108501712
953050321
57599188
135090383
467625180
254076126
40199395
341959908
66938090
41903342
1160865007
49341680
43334000
270793598
1091560694
35022071
81159423
31057157
53536007
122021128
504816905
137094413
199616045
155870480
125035797
290743576
264168731
353756453
29156646
193258792
217578375
438341853
67348019
244049206
41116983
767190336
518579523
1524360517
213968201
545842511
402056530
79816030
2173003103
125385616
107963756
321578352
300246386
182347128
2364215530
240936320
250591980
533325190
317678985
270361996
90563982
59106703
107046289
525165974
589325722
1055967090
309847456
397796777
380495277
538305969
1361110452
1479796154
240674235
90604843
555148737
96757186
555771332
282453445
444720582
83131297
86009289
38397387
1608712855
1489855950
438625744
364307923
310317305
335881808
832660969
1718216179
591881716
756699390
30533110
180332117
168093186
514319876
65005063
325019146
149366359
88204812
288712205
613443091
1428284952
531108100
1627399771
504358437
37930882
34203177
31090220
98592301
823846447
221701684
39446076
2170684127
602793535
84993601
280585797
377513544
14018122
222389842
322627164
384755293
376792670
168617571
133228136
613334907
1712121452
1622894197
44099190
448521849
529152959
556197502
111011455
226780801
1563682434
305424003
56321672
1917145368
211773077
63137430
1492444824
621831838
70248096
1931322992
451995303
2154686121
1139041962
314173103
483714737
107898547
241788598
201287355
1334896316
162096830
24143552
310366496
544204482
44852932
194504393
55502543
491448019
336029396
633857749
45803224
376634319
1189668572
40199902
358147810
68380387
589817572
471230183
96397034
577398512
1727915762
86533877
34891510
315942647
254458836
93185663
986375935
2198169347
586344196
13199112
265421542
496658196
318684121
1338861338
245327644
16508706
625338148
576513837
1413670706
239390453
2168547124
179169080
270755645
161572671
1820454296
455796547
581003076
570910534
336684871
214984523
2420008781
49768272
44132181
140928854
1573349209
1367566170
99051356
375023454
712501088
95647161
12937062
168519532
451471213
38135665
156198777
277473147
67856252
358147966
139028117
1707665281
1954315244
328132490
67037077
95053718
583640729
510158749
467167139
288155558
978020263
33525855
299853740
302693362
215607215
615901109
131459003
246179786
78221645
979986386
143353816
1233577945
527198170
174745563
576841694
524347362
263088102
60844010
33581035
114780140
90826733
432367604
262563833
935159466
621012990
292186111
631924740
730425349
2185521159
292874258
755066900
33826481
170289196
43083823
1189537843
1229711413
63793206
309520439
969336888
506128443
1347304458
42091231
84633664
983230530
773318724
40855222
112781382
222718023
621242441
409167946
424110155
1723394125
340322384
295561297
488171606
1359993050
218392670
342714466
445638759
475162731
64776301
398682233
51177594
174418044
272918653
393963646
36726912
847669381
994568328
1042213003
360638607
290515088
49440914
99936405
1893230743
170223300
1628203166
182479010
484599973
1590421681
636479669
169961655
94791865
249096383
265021638
44712130
125987019
1111484622
97642706
404711640
194275546
574635045
35711200
580675811
2210392293
52717799
1944447211
43313392
36333809
195881207
160164088
1341744852
1686644437
141879559
341436682
717089039
382495000
311945497
1334307098
39315739
554920222
72837407
1596123433
268233005
72509744
973728050
1317267764
134179129
87681339
67922238
413844711
30435650
348776776
39231388
2167580387
249096539
40200547
534702436
417720678
706505064
1068034418
270804713
1121085818
547634240
422439300
587655557
38627720
179792265
426437002
159869323
442067340
372468109
570845585
90859922
815032729
1256810912
134769057
549939624
237660589
43641265
130279862
345860539
1052207550
125364680
364210637
240544207
287173076
2424039893
240767482
58844923
297363942
113578407
1893329388
1612704240
501934579
487483900
82962942
389442048
338651657
1623157268
238971413
471853594
292842014
247720480
71461410
468412967
74574381
539028018
216689206
514419255
190966330
209981250
107371378
1026157122
475753035
319810124
616021090
831496578
451242576
225274450
939092563
1025829464
295725660
1889954407
179469415
873851503
116746873
476572288
491907714
115141256
272329357
468576911
435677850
2195712667
411331228
148302494
955312800
521366178
162004083
71330489
103344827
912419520
284945092
376761029
224258758
2276747981
32369362
440265430
129460952
23423708
148678437
514583265
32926437
55624540
330164973
33516271
385346289
520121074
80243444
1017932533
957246198
272454100
477457149
517597951
621636352
42855173
300738349
817031952
902589212
1029106470
35187501
93416238
9419912
1359178549
495184694
486402871
102886203
802155324
369027907
47556406
515205966
436927629
180022096
305523537
319023961
417786715
1347789877
99478368
480406369
727935842
289368932
253979493
752905063
241920875
533097328
278555514
580217724
164653952
1319103372
28765074
1206152094
300116898
355560355
2356865959
489384875
1446276012
1530325933
319503517
317045918
263089080
202992569
1149627325
1329936810
390622144
431647684
63073221
1698687942
1655860170
129264596
515632086
130077178
339005947
360639462
533064683
124957136
220294136
160001017
706604033
224586758
1459645447
82340872
62778379
621898767
196537361
1276898323
329542679
570747936
714194096
218102961
2156063794
1319693364
338914362
1130629904
364440642
193293379
1479175237
353627208
507309129
439839822
227765327
346090576
982314068
76868694
404745303
39218272
78277731
65399908
722594922
8219762
319745140
293366905
2229365887
296152192
702672002
51014791
496279616
301526153
270822540
184384706
271281295
308407440
260762770
1172532372
92972910
391408790
481284633
35187864
41610393
50228378
1832807581
147647651
287698084
1263986545
1150577832
14314666
299003051
286321837
229895345
341961907
46087369
239430846
112716992
111219232
350940354
1883565253
744815821
1374645456
235924697
363588826
476900577
383347938
33909987
398650598
285568231
1545301231
1238232313
570486011
592702720
115895553
88894722
261156101
49719169
89124107
287370509
759131407
6843672
267054363
869625116
993357091
145648932
976219430
262257884
92957996
80669997
220818734
354839855
467201328
239234360
317713722
1408494907
41807171
1021504837
620129606
154201419
304385962
615443798
1465838936
440364379
72215900
310799711
1415212387
31386982
101477749
351530358
480378089
410873208
64122234
296676738
630844804
155970952
1683388772
117730698
158690700
590795330
46853518
365325711
601222544
917237137
632122774
376892824
211512733
60616094
274394537
38179399
407694768
373812657
26209720
342584761
2231496127
133230019
519105998
34957219
268201428
2275700188
279080421
343404008
466677230
613740017
386067954
346156532
1476521467
561376774
519609450
1714744844
379088404
137686550
68677151
2183818786
77426218
207154734
288550452
348909110
235793975
333344312
32906149
88108602
492564032
636874305
38137415
532966988
96579847
1712287310
540175954
444427869
275672673
216329826
603745893
1027829352
45084268
877588081
377253491
211512949
533065337
205713020
376794749
446918271
959901318
59380332
39251595
1244393107
592670356
20763247
338292383
49573547
791080621
563080889
255979194
201158331
323055294
175271615
161985750
52086038
236711630
1089830179
890486382
1259040480
153054951
1342205672
2234478315
232746732
46984942
84897519
551087864
835736191
397242108
331840810
39022339
1230532362
237301517
36597518
1587428653
521498384
97407637
430403351
487747353
366735134
196701985
33812266
806066742
16903988
223735606
264859449
348385082
82257887
323743554
64384837
1713598278
46100295
614985549
353529679
55635793
425914198
87650135
45543258
38629213
545353570
589195238
561803110
45805416
25259885
355626864
325513073
28077941
1295740790
33165972
92008317
1144385406
38326933
117046592
292153323
42554006
68382599
23490442
51015564
68185997
429194563
340324246
80605083
217043612
278228906
47312811
56324014
366473141
158330807
246443965
1704456126
945614786
194998211
295151606
456880071
447868874
535228365
482930642
29421525
275436196
247721948
535424991
616558560
33812449
280457187
362934247
271871983
1199632369
364736513
37879126
594729817
323940367
374098174
1453355029
282652696
501477413
876113958
1862889516
42594350
865169455
124416051
947220536
127463483
64666976
374992963
383676488
225079370
1930129484
811462734
88698959
1087434834
180121685
87224408
2314858587
102765242
1976037474
1408725092
237203563
405434477
2177986673
179925106
338260085
268136566
45609079
471724154
2192888511
1153265791
828993666
34959492
402536301
733081736
93614218
323252368
34861205
302706839
764375192
1014100124
42070177
360542372
974677994
282063030
39514297
52064442
312635579
315691078
369582083
544239807
41816780
33452235
90861776
179106003
1690686158
162984153
590115034
217051355
242249951
126915280
315224291
360509671
325447913
202969810
380891377
964227314
468447475
841904372
377876728
2415685883
575893756
1377497347
121041165
80507150
1335030037
44651225
1057124635
301448581
159084832
1924297002
8057132
221671726
931532533
255881524
211579189
310112569
562964533
135983428
618361161
254210378
477620280
41775442
417026788
28143965
104132962
48656739
371290468
45379943
54161783
1262973306
193229185
325611913
799011212
66054210
275902869
2322292383
472871328
267678120
68612522
479228333
421818799
1623224754
75788724
830566837
1654616504
30735775
710731850
82932158
34959808
1890644419
45109378
279441863
809529805
299758030
9105872
158626257
300151250
328430040
1254879709
325579230
288757633
119697891
254112228
604041702
139129323
58421742
96825840
296710642
743436788
366014965
218526198
472674810
381430818
82899453
164196862
297923082
121361154
62878223
445313557
166883865
115995165
284946979
160920100
900297253
82899496
125741148
237367853
462844465
410087986
296743475
178319924
329773634
67727947
1004630605
420835925
1372975704
364212828
49672797
552202849
463106658
701526630
377254503
507245160
303198829
233566833
83587699
501576310
550924922
556167803
254898814
479326848
529330817
42594947
204665481
738980496
303723156
137294498
83063461
2252239529
214495916
372667053
188314286
212980510
481424056
123171514
282555067
505868997
42857158
18674377
608006860
1862759118
576156367
271446742
385864484
2400121565
521401055
95908576
1136579366
337408743
330887915
372830963
69825275
746091265
1916965675
206533380
68973317
113865482
1717957387
252506893
366670608
482827787
274428698
878048028
130839325
243987233
466580258
1493693222
1922790187
1356231468
100758317
349893424
475034418
57013045
286618422
551056187
1286075197
819303222
75789126
151352135
103969609
1900016467
123335508
1968108378
244052827
68711260
491382928
417887074
203715433
585001106
1042529768
51737460
82834294
259191674
111276934
136672136
300151691
247690125
361984914
1569158035
108589972
2352935829
67892122
85414725
351073187
419427239
386593706
1857090475
53343148
937587630
420639663
82342844
263287751
229995466
434765303
511767500
46887885
153752397
185564664
2171859922
587363286
409367511
27259864
388395993
68372289
920941536
384398306
137262055
47576041
581923832
2357875540
50590715
52655101
347829246
427226111
272299011
576975879
340751375
1199633425
398294532
199390239
182023205
262206507
417887276
36336685
558527535
156628016
250049588
260633655
476032672
122582076
70415422
454128707
2179502945
164164683
40203345
243627090
141882456
2195354718
717714530
46363748
110982245
41784167
213218417
1429828722
383677555
381121653
218068088
1861221908
261092478
598963328
727905410
344749188
32816662
258372746
33879179
1217688716
46068877
431060123
254590490
1241183396
109900968
240186548
28308662
176387256
76936379
1530262717
435025088
587494594
300512451
35222726
2153215179
264022221
60060888
196932825
478409948
267711709
327283934
614036704
68416739
588444903
16872682
203879660
784312530
1897042813
253916403
237303028
2248801833
274068730
1875473659
40052950
42267914
339440908
1358787854
199015982
348386584
75232537
20739357
377910568
34895146
1725527347
133362998
44922173
582055231
332330305
211875138
791672131
215872840
1691579725
1288729934
256374102
292255065
159552399
1897395554
47576421
2155410795
422442348
453309805
36304241
252933493
1914140024
285537658
254571903
2175530368
281605508
87291271
247199118
237827477
1017629280
409171358
78575010
469988776
232224173
1209759151
210204083
73382774
201225656
385349049
304444859
451016131
55866821
86701516
73201103
578254291
479720918
183334361
406844892
1550251490
14087654
427881959
587232744
33149863
362968564
127563262
354416132
454718981
172684811
419624467
322893337
24671775
964261412
61175336
452851241
1620562866
471889459
288716345
53638716
1960998463
31356490
502560333
241432142
188249682
251983445
34567771
1794897504
32503396
67630695
267286123
84538991
206960240
18071145
1604155002
2227730044
298537920
572683915
182843022
59454506
442813237
82736801
34895524
473671964
631109291
708736689
222394035
2198894265
67860154
25982651
786495164
43873987
33879752
94172873
212301514
475461330
712144595
487585502
346486501
41088751
1940190960
38860530
99221836
169277178
57341697
51869445
582907656
92239626
44889871
574813971
198407959
2368501531
37877535
328722736
245102374
16611114
51705649
863205170
622163765
145323832
291600185
402290502
406779719
121435976
555022158
22738769
331413332
864286554
626521950
384340965
285603685
544110438
781711207
55506792
76576617
350812012
45578093
50362224
87652213
2150070136
224262009
2350544763
202995581
89651070
328924821
75134854
52000649
41806146
726792079
920647572
413333398
380958618
127465377
512882596
146339749
70907815
248215472
452818868
491255746
343537605
1061517254
459896786
312080339
604207060
157251541
26277853
1118730211
284507814
583635964
370636782
230160371
551649109
49903610
499906558
122976255
314996739
520583175
257554444
822081552
32339988
19658778
258296608
506099745
1975941157
1059989852
120748081
437745717
1718941752
1712158777
1322514493
780105794
903804997
168065097
474675276
394524749
14907476
213973081
212236378
76904545
184711267
15071339
39549036
31127666
195295350
2149185659
228653180
104724418
309622914
978403009
40663178
210532491
743110796
293468304
398588051
255490196
33880213
410941590
474052761
42596507
596899998
451770529
389970082
42858660
74774693
178878630
354187432
2207268551
185592178
2153478330
387905730
29554883
1906702532
241028389
342980819
337017044
434338008
34207961
1945041115
330332383
275753339
1364457704
68122857
1267562732
331479277
224295157
597391609
318011643
183990528
417954050
49248518
613382410
205125900
126712079
963934483
340261146
262732061
117673955
871627040
1847914950
301300006
224295208
264698153
440924465
597555509
270268726
629373241
25655612
108603786
96303424
710605121
353859914
74447179
200472908
32962897
139786581
283507030
520059234
528152932
873468990
604502398
378173824
33520003
214792582
193326371
96762250
25819531
90339727
208107924
2335036484
69216667
94534052
895449510
213678504
317356458
599882155
38926765
579283357
1419966896
56654263
413825469
425753026
283998663
318228033
190609881
38140378
275446235
411367901
1330510304
482834913
488241635
759757285
92731878
705001959
83667367
717257200
74086897
593623545
282720769
91793835
334264839
46627336
806615564
710801936
491878929
305396244
568261142
1371404827
26245662
163042395
58522152
178551346
271809076
388495928
622131773
524450368
472644161
438401602
143508412
965737039
1690171986
71334485
1474001496
1113520729
214039131
49281628
532281952
603847265
436763241
547879531
720271980
20281967
17151426
1302952568
1341199466
35748481
244906626
2407266949
1856338574
35945104
872643230
273087135
428112549
325057191
816839340
1037892270
122419890
2278631881
420969147
549550780
64355005
718076611
36076228
264108743
1543305930
616561362
138345171
1544157908
478902999
46922466
1091238631
129563373
37659220
248642292
132442580
566622970
1251605245
499940097
2172058371
288226056
1459714825
1164999434
256670476
525335309
1184004878
405699344
615054099
2308307733
43547414
424246042
267778844
1719925538
53869350
481000232
138738476
25492273
350780210
370735923
115604280
619739966
515832649
1907430541
239467346
82803543
312179552
93705360
296876901
36961129
2293693293
98827122
267736212
266369914
454753149
356219774
981465991
1632500617
184122250
85252750
62258067
1625029536
174226337
1930177009
1396702128
247167921
272890812
327318462
1168636868
109214662
1660025803
381451213
106396623
369523665
1033042898
877198291
41155540
989297622
619051998
1043233764
92732390
484768743
598670313
367655916
1913148584
123501559
91126776
219282431
42368004
526416906
128908301
231537678
1134066703
372997143
1164999704
276102176
248904737
250805290
323255339
142507058
246217785
116784187
361823294
249658436
85294158
461995087
1382710352
194953062
1270676582
277129745
410090601
553450602
829095020
1617755245
67304559
1916566669
270367857
515275891
402445502
345865336
91192447
380370049
986306268
280198281
218791051
86516765
296811661
35683475
108559509
239697048
865008794
163183774
130749637
34634915
2320628901
107347113
76872874
103218352
211516593
200080563
343932092
159050272
1308392642
113343685
169049288
2310077643
275966498
228752592
304970962
881622230
388463832
229080283
433569659
184941796
414547174
62356713
1591114986
218463471
245698630
265802964
55180538
163020042
1438579987
1009745174
368999703
146111769
16448797
320830755
238058790
171015465
259259690
55541039
2148957488
1423277376
861928771
366712034
216956238
525204817
202243410
807452558
1596030294
241073501
749763936
111279457
69238120
264890940
1307016554
198442898
118729277
44334451
1310719350
545357176
239500668
136936836
288750985
17071502
167771537
257588626
159612308
46071191
330366367
258735521
1896480163
2257878439
239271344
492174775
528067146
197164491
240254412
413367757
73880824
756841940
346029526
129531356
1180335583
135658981
592575977
285048305
460094962
532151799
1722482168
846396932
550174214
276999719
319028749
467724888
39517716
322600469
210042391
360486148
702873114
29966255
469237276
184516126
22533382
618987046
2152857127
71204393
82116139
251493937
1271922228
44858939
1933868611
16449094
397311561
1019706954
397377107
849673812
579239515
352288349
1882914398
214367839
2170486372
433290858
943783532
394624628
430898807
454622846
269188735
252477056
297385920
153845379
177006381
628194955
38665870
246480528
960102037
535527063
862813850
480181930
290138326
835583660
267058862
707788463
126287538
22901718
344512307
482737855
284982979
135394611
464486094
888438480
388792020
48299741
293043937
270991074
1541078755
393412324
356974316
430145263
21069555
1048542966
365559543
707591932
202112767
367820556
1927216914
147881753
218791709
441646878
866090784
2177007393
517635886
35434442
1067745080
257485959
171867971
165478215
558595913
188874575
383647573
187924312
238485338
817626972
39976799
303349734
382566246
188874604
1697120118
313163639
252560600
129990525
307068802
795541380
37617544
69828496
8814482
142278552
1264779163
45514652
61434522
33849250
1046871972
353632185
555712442
313360316
544997313
7339972
143392715
310706126
163479503
33849296
351469522
196476884
317685720
136544220
273088478
100433889
133693413
773947368
56950761
806256618
446988268
250707949
40435696
93847541
51019770
1662091260
19595261
