284367289
726768060
863476159
284400066
127343043
246965509
238688710
180328906
438737356
358685134
244062672
16128465
256416211
255531478
1318296024
593467868
125245917
29170146
1668323814
1295030767
197728752
84023794
365500916
468326904
254941689
1324161530
78850736
301472252
17701374
558766594
89659907
461052421
349575686
1728332887
405379598
39754257
302018307
182819354
444504603
506796574
54144279
271981089
62495267
766351909
174660134
617191857
1640045101
814455344
605624885
1654823478
2404743867
1374820927
1044027968
110336581
338991703
5872222
326015583
87923300
998677099
571644524
233871983
38148722
567526505
253565566
98660119
270408332
35953299
603822741
549864559
1748146844
20421278
705239712
300849826
275028422
547134118
299735720
119347882
242686638
264084143
121805493
389946039
311958202
304519867
369433277
268212931
35166917
216308422
1022209825
34872008
52009673
77437642
619693175
24713934
720083665
144743124
296222403
303935268
469572316
117971686
92216039
19110638
134355695
216963826
375003892
307993335
250616571
1091104554
204348160
1433344776
716020494
133208847
380961923
33954582
494115609
328440607
967809824
270900011
378384180
67557855
279452476
1103469373
126229315
18160464
1650957138
170990419
15211348
127507294
385293152
402856806
520297325
168625299
187833205
388504439
150587238
598547327
1471585154
52075395
495754116
538294656
318315402
39984015
808524690
385918757
177118103
27466655
391912356
965832518
241998761
213687216
449682366
301849077
480582595
19340230
30022599
267656136
361864138
97393612
94510036
501717973
76323805
461216738
235052006
2167769085
365370348
1341201396
82582523
6822912
162339841
122002434
26450947
393485317
729095174
881558947
36040535
174136334
2471009295
106044434
128883733
381951000
72064026
615291932
1294212128
250027043
1410079782
278436903
128490536
39033897
337124394
1524014124
202316846
501116765
248421425
479665207
287120442
160930875
257203261
527670334
246160450
184883723
289840196
273521734
276066146
430054478
227679313
460959587
550968406
400596056
552016986
1376197728
250059875
369335397
1524243558
873831530
337550443
934714476
370121843
28089461
191765625
84810875
195075198
326048896
114728067
28351622
285613196
465738893
1600986254
253893775
195304599
604478617
241015962
276864155
780377250
1159436827
30678181
602938534
46144685
90676399
1672944816
338631860
1159732405
494771382
445521080
344514745
389291194
364027069
37236597
286218787
857087190
84253913
304946394
305044709
145923305
295738606
324082927
47946996
832904438
251043065
629087483
344104189
1172020482
348101892
33561862
534387976
873274639
1941806353
1032494358
216669464
108928287
133307682
263036195
1222876452
21175591
518528299
34872626
483695925
214408503
297934136
311985375
476716350
1190141251
271850821
327294278
33463627
367140175
201629013
990458298
1317258470
1522507110
493044967
256056701
199728514
103816579
1253449094
94805386
2230164875
50769816
116432279
474193307
328474014
189536837
237646200
410656167
37920169
42605994
36019628
380870062
247831984
57351608
1131781562
1217666491
12459452
396008896
1003625930
623549899
340762060
330898895
68427216
1555308002
1616748006
62234087
463904233
1375247852
182296046
92970480
154836471
1560845821
1099384064
239771138
475471365
270900746
475143693
361897501
64855582
501620258
120430118
191405607
378019369
343875115
535535150
1041636913
56958516
632069687
182427192
18493366
1719869000
500112970
272834124
554344020
430710358
572694104
410787417
457907804
183737951
34872937
745578090
270900846
273784435
90195221
975543937
341383787
1027284613
250792143
32874128
1227628183
1283235481
2339151519
364519081
64163074
70360760
234495677
1844158146
347250374
2241306317
265461454
274898640
87891665
28974804
612474581
88383195
158113502
236887776
42868451
2224768295
58858110
458268408
337551098
270278396
139337470
266143019
54173444
438443784
186752777
267165645
213753611
557588236
464509570
411508497
1049701220
533929757
323919646
463576863
943169312
17309475
321855269
182289911
1899798319
1899552974
76914482
42934072
995303232
259465026
43719307
166238860
1660559178
401579858
324497379
80387925
1489903446
1372495704
111124314
395943772
83205981
156933982
307830624
61710180
1374822247
581934958
1295884148
635361940
1347264380
278536061
1678843778
492937093
267100039
616046478
855973777
1181041987
310747033
1854971802
23338908
165027745
368320426
112861101
257400762
357638075
327917500
567123905
319692738
761929669
1654726598
165093319
179576777
309501901
28312909
1078468561
830808018
545267669
413081560
47882212
333422566
57099601
219193320
44900332
609886193
284499958
932749303
15671288
561946617
510435323
355508221
442212352
91168769
435167238
96346120
1416470539
355639312
34906130
713105432
76619803
623747101
468230174
1725374496
317956138
313860142
1717346353
632201267
318677044
88973367
102015033
857808955
92807232
263200833
460118711
63938636
1944363086
289222669
218079316
507605007
618078301
163356774
300261479
241180776
432429756
525770860
159359087
72523889
1074274418
1323966590
234266752
1022566530
2267357322
632332430
811573392
63676564
61350041
26452127
391651488
334504098
60367012
342991013
127279270
261300393
897140082
71966896
1248043194
828448958
103227584
50307266
263889094
89858248
568238284
369008845
81109198
424106702
66986201
467673307
502669533
519250142
75210976
528195812
2364842224
55222513
262054135
342268628
39559418
233167574
45523216
166994194
433266964
934355221
426451227
349610270
33544923
782803236
829497638
1224450344
190161197
99992968
123838770
75768115
157491512
202547517
263594307
745742665
98869578
616145227
188686675
477405527
613359961
47915362
119415139
336568677
264053101
148808046
148316530
1362665844
361111925
1324744580
398664059
36905340
526113746
73277826
91784598
261366151
1446388104
607199626
230990219
286007692
401744269
793649552
286859674
1410507163
284107166
122921375
73048480
16720292
182329765
35725736
424518057
232202668
216965550
518037937
84779445
606216630
237642167
163946940
90828874
955228608
39494081
606347715
1012867524
327328201
83534282
1565794764
294035923
210197241
449815003
110666205
56074719
16294368
403462907
43327977
16188839
50633469
1482170864
38412785
89694706
72491507
102605301
315171327
515383808
267133442
1095541255
254026249
612835851
1016046092
721035789
16294414
949809240
149496341
556605974
220242455
822977053
613458462
167879202
42902054
130785836
262054445
115384878
1864639028
223420985
2172822075
200417859
452797012
1894461540
1367319134
1297752672
284926561
76915309
331588210
35227070
1642978068
358457979
418161281
450534166
265233030
276931207
213688969
267035275
304259728
359932561
473866901
258974362
65643170
106635942
43066026
623026872
87171770
611492540
120189045
603529920
202875586
256025287
1550525132
15686435
59056859
516436090
464724706
135487010
893297401
931406588
357475069
1030529791
870032130
619258630
544088839
332210959
592978704
320643858
93823765
76981016
109932676
537994010
1621140253
40444705
1145053986
537207590
1450910509
278971869
65315634
186000180
16589621
36021046
291349303
357016378
175678272
373826369
1449009986
124429124
40000310
636035913
151921484
1676092238
174170959
389161812
102671190
187867993
418095966
38413152
150807400
211559273
36316015
89436307
420546025
1688544120
1682940793
1119626106
1285400629
1423090560
41886593
1694737284
95200136
1009296265
335324042
1174184846
541533071
50996113
328915779
289547166
1851284293
72033184
29405168
492151718
274998184
88810414
449749939
349610946
438215625
102343627
708813774
374580177
1597861004
122313550
524133337
20980700
1071031266
50602979
413672421
380937195
467641326
109519856
193307633
588882932
275629567
382837759
106013698
67019781
275948551
211952648
29664268
214869007
506897425
468207107
45294614
526361623
288007194
568894492
2206409757
593896481
243835938
1657316388
2285610022
722510888
617948202
1270653996
78292017
246916149
331097143
469181498
721822783
20502643
1251779653
210740297
168698954
111358135
146023500
1377608792
296133723
33891421
1320100958
624370790
274441324
607069294
16000111
793519220
1013195893
427402358
30254202
113359997
428156050
21210269
1921328286
58762399
558933155
982394022
772023463
30680235
556868781
265340445
1091577008
1238410424
130917566
92939465
387228876
61809871
518431953
17310930
223168035
36381911
359863768
233678043
598648029
1108780255
367830247
304391404
390000851
85763321
601859332
435856647
403645715
276047129
209921307
529179934
1258628384
456992035
107029796
39028273
1545938216
873702697
1562387756
332334642
321201459
29402420
2369332535
1245546036
1189258560
48407873
75539784
1496819018
291251535
497952083
368354645
397911382
540910936
1538925914
551253416
225715556
1410352700
206251375
1013982576
606872951
385361273
581772669
2460591489
218834307
23569796
581736425
303965574
55215681
1898423688
257399703
246687118
449029520
579118481
334505362
479503764
819176864
614081957
66463142
467510698
1920252858
141698481
495035832
393278516
403318210
132818376
522134987
344892876
422028749
71272013
271787479
288761304
246687193
215934829
2157454815
387130848
92251617
86517218
1513465320
377857519
2315560435
557065720
324273748
209495550
2326049025
253240852
316352026
275719707
267134494
455812644
21669419
558376493
174958127
151430707
636888636
715531843
484626839
765470280
1079060041
1851303498
153069131
515515984
321627729
35759701
388965975
244033113
36021851
289318492
209462882
99722851
47326823
188819056
290989686
259827319
79275643
277456509
234268286
1498162819
2444606333
439283991
540826562
242230927
293938832
538093202
146791364
1703782052
567188422
375596717
310025160
140811210
498706113
1897703107
226698948
1135191750
330865612
161228501
58861277
153495262
249538275
301901545
150644458
300211154
199640702
268740343
40838908
703702784
27207425
272770820
36349709
393946895
609147865
216639265
446211877
90679080
388278059
391915314
1714890548
278439734
279127865
230238013
827502901
271820620
253615074
430778192
216609080
36958521
41133912
519546716
761669472
525346661
2253323601
71280497
42604601
41329070
1732323194
215361406
196257663
487597953
1323968838
269166471
743221130
337848205
423438222
1732061071
363046806
249571226
1243195291
99624865
193605958
264972207
42575792
351741878
371814730
329997301
561481376
453191618
600391388
39987142
1526998988
1484171221
34973658
224569311
597338093
222504948
734472182
35727352
594356221
143173636
246786056
31369228
78915598
141174807
502016029
1567926302
45374469
163464880
14264358
193407015
552478762
539109421
141535278
455747635
108898357
89434169
242657340
427501633
1395203083
2416912454
412067923
55617623
255633500
383297635
1594317841
837167209
812623980
206579821
25995374
945465457
705177717
30255235
322644106
361670801
411314324
42576024
595699868
156870821
92252326
65906861
308750525
520333504
279226561
404702923
36907204
259238087
386083021
1497573584
495560913
632301778
217360596
356133078
207923418
547137755
630204636
481241319
1065330920
747677930
377333995
240134381
280897774
283060463
14461168
2166368499
445425910
216738040
226961658
1680386310
44640521
789063948
1053567254
188360983
1675536667
605202716
445983008
1498982696
48671017
52341039
300118409
107030840
67578173
83601734
19231117
347711831
69314908
1724590436
40642918
309143913
605071724
1265215855
252619126
2260600553
118696312
55486843
556935549
160934275
265333130
43297171
396536216
2194319771
344795548
340404637
264022432
358066593
758884770
235121059
709568935
228338091
407668466
62597556
263104951
306732106
242428352
223244704
248523203
174401988
43297224
1231595977
432353698
841591250
781101523
762390996
76622301
313174328
715958754
304425444
237611498
68425124
80620014
352055720
275098098
218769912
1097804282
372320765
29043198
348367368
94284300
267069969
383691283
20589077
60566038
190949912
291711520
345909803
1550527021
409086512
960932401
81111603
425273910
265890359
462694970
41355018
1633036862
14873013
47242336
21441094
1021684298
53619275
216825364
491465295
144845398
224340573
426551907
538094182
408595049
534260331
40217196
60271213
378546802
1663838844
278371434
585575041
376613511
236333705
93170315
498084493
327363217
119745170
50997911
242395808
784658886
388770472
114961069
319072942
159034032
415476407
206658676
628468413
246852286
74558147
70363846
352365259
2194877132
86143437
1017942086
26847960
432581345
430125521
370944746
414886638
464038640
215952113
36645621
545408809
366422779
446343932
912272132
176040709
56437520
1044720402
610839320
100215584
90155814
551044913
179022642
342174515
48638775
64400186
153483089
17509184
317762370
40426635
218934084
467315527
344533832
152316748
25340754
302132051
60173141
20753241
1643490144
877603681
85371748
893501912
2162010988
67971957
595724850
236301191
308709186
86059919
110668690
184780611
70986644
46865561
408312986
44608414
407022508
501066669
252488626
497658811
1119988669
83766207
135998400
110701505
85797826
2207558596
593981942
45624262
175025095
214445001
506145740
366648482
82848720
498609105
537209811
1091873748
1512418262
239774691
265300964
762260454
1290578922
571666941
84519923
270609404
468593663
142355466
539952983
2182383448
2340629525
429042712
213265434
224959663
160869408
183577634
717630500
342109221
235580456
1725082670
137800753
474852402
427280222
196750390
267234360
866495546
1912908860
35728449
856828998
560606279
255994954
1199746123
349645908
37717860
264055899
2233445469
2252090464
2160307300
30230374
717597798
290663527
276966506
481176688
15903858
305933430
291309417
2183801978
436612224
467807361
1309781124
1513204873
359509132
70659219
289254550
291581079
37432474
291908764
64728223
1163275424
202845350
48364721
1673178282
406980466
562310325
226897081
101688373
1261513916
316550334
1404415171
717860036
41856198
572435658
267627725
63057102
589901015
371731672
1573777956
1687989469
227519710
212544739
104417148
467676396
409279699
2405117177
744893690
151530754
81046789
409840905
212872459
245869836
247252866
1709321486
486911253
1076014358
137370841
178072856
124071196
248884509
361835809
270937380
317147014
245869866
474656043
605662510
357444911
261124659
203926842
353610546
325627196
2189372736
1506061633
119024968
34843983
253970318
306294103
392113503
293514597
41168232
2210278762
33205612
374451566
622701935
1847274864
369044851
338210165
34876795
84553085
357313921
52178306
827239814
56995212
241053069
76295566
373009808
494316949
460467606
483863961
1972690159
328969628
126528926
227356064
2240557432
597044653
267693491
313535927
146054388
452767162
94875069
1100688830
2239016385
206991947
1227075013
1352707532
36023760
31370706
119451102
148712928
437726690
289910243
86519268
497233384
736898538
632401389
36941299
248360437
31698422
34876920
383070805
43494914
318877189
21081611
279719442
77966869
212119068
463188570
247311905
707309090
477408807
289910315
1897700616
93892146
359378483
64368184
347221561
56667707
94318141
90811967
1293823555
156642884
70955617
483405384
865939022
200879697
241479253
404631128
386969177
256945755
357543517
252554846
211529311
811708004
33238631
355479146
200853437
278146673
306196082
376090227
1590177397
56667769
130199163
53685884
413970049
73379462
10432142
284667542
440184478
108572319
106999456
405384865
367734439
76590772
1028796091
87928511
749285058
514076358
402730696
42610379
226602708
54570710
49589975
358788824
1440722654
220016361
1853927148
331525872
267169521
190918386
35696371
65908471
52768507
708521736
267169546
251145999
581676816
108932885
475639582
474820385
34909987
1307946788
335818534
27614513
823013162
386543406
2183848142
110964531
173256500
123187000
1249685305
180891454
146353983
352464713
252489550
240786744
131510105
300461915
1650536288
31879824
821473122
299577187
1008971624
403615595
376647540
239775605
329625465
110112637
394866561
65417092
431468423
111030155
588361613
1059630991
562311064
245051289
722644890
420687772
35265861
378548131
1267150760
378646449
82063286
427208637
289189827
970502084
284078021
362655690
262680524
1004827298
755445722
37924833
158435323
579776488
427569134
280637423
1022570480
54505457
82325493
218443766
582758391
2372939770
83636219
24064002
600092677
357478408
391524365
113029140
82043571
65646623
583577633
241446946
157233189
238039079
151498798
1280159796
19902517
92221494
569126968
81768507
185643070
42955445
616968256
577089605
356200524
311472217
329691234
267268196
73838698
210088043
1439150191
805417082
573878396
361115773
2222141566
548319359
201497963
326742151
339554442
479473806
2257465490
466202771
104193391
132182725
505917609
183185581
69873838
521155272
727986354
255373492
327856310
1089893065
1605054654
2172006592
89927876
155332806
1523658954
267038927
267170001
223807523
38154452
300232918
359346391
423473368
345436879
1005629664
59093219
103886911
396041597
914239728
367036457
536588539
856174849
92942594
190198021
80469377
464859406
183808271
279097617
213561621
99954968
55783707
293613856
591606052
359215404
161689902
516501813
409383224
195703099
58732865
241807685
1068872006
323236167
159068488
265990882
494973268
394932565
1667412312
368783712
56635748
280408427
2383294834
2305143156
1085288821
246690167
491041144
292794751
85832068
187511177
112669068
504410861
287781264
220934547
749613806
209203608
1078702490
81528901
433303968
2189996450
234347932
105329066
398815987
480320926
182563258
723431868
594555328
105427393
1114485188
52414540
198848970
23911842
312488398
406991312
553005521
1677504992
474771042
623981037
20132335
1316532720
802370035
1033023992
15413755
17019389
102576649
431895050
83636750
775238160
497922579
177254933
170734107
234304028
35172893
441905925
65057314
1927557667
273887783
555463228
456897085
609137214
274084418
837431875
947434052
619852360
88879689
137933391
453423699
106050133
331526746
365933148
1495801274
356856414
34834533
769503841
1704800868
281948774
2320839271
303870575
280113777
369439346
75255671
870298230
1550430842
294531709
130527875
233845383
951306348
437695114
137245464
180368023
1150235292
60502685
118502046
41115077
563884704
1136517151
479998633
2199889966
155890348
541700782
231781039
405680833
784768459
2280010438
76919496
44380875
606253776
263041751
413938396
434254562
56734443
130134765
26456814
31175410
392191443
347124482
90354435
312652553
21213969
233943829
193639190
429863704
326218528
804631332
43889447
1886860075
369996589
148845358
308523825
1734456115
140849985
