196932825
91344223
319810124
120059869
193646031
240980074
379195177
72485203
372130843
248527989
85561223
61172993
533252545
74256490
1423090560
236389509
229395267
297415258
593626585
127279270
270258743
58408664
862912159
2162543743
514319876
240550549
810689178
1302952568
93185663
90356711
246965509
38032130
469154309
826789884
385566277
1668389058
333520285
2513032663
341687613
940997893
146054388
596521803
86043287
600278690
1004356890
117728037
324325816
44334451
279420754
1365150074
471899330
101699459
24727465
1299800005
268740343
321908549
325936272
399489009
139048596
227311901
260244016
284968524
1030800582
139757931
27820980
1432943714
1074474944
197389624
300261479
1863242449
148678437
775238160
78867502
358211709
36052327
73624412
350900011
81778781
511573820
1580995638
267260964
2291098388
346134273
566279865
460034941
329864473
33922935
255994954
344028213
701629388
288236340
195755313
205785612
232202668
296948519
72027284
401579858
303924964
93847541
47910851
200795355
82399013
526342591
256623764
293369408
391238084
165754751
338631860
278011769
256029860
189225464
178072856
34252058
187924312
451338027
36413023
451038665
241501032
574425068
525457581
773362105
1008971624
263104951
45523324
520293152
260670403
2180021390
34915759
135658981
473030959
127465377
625359493
385346289
1244233274
472644161
1469305616
376134619
357527800
1660025803
1203074420
175680064
187496598
566351835
210197241
448115531
1337210984
44336326
267035275
544862522
216738040
236350016
212122476
621928486
185279429
1717600382
795541380
83909490
2547315795
261573537
1412470022
1712158777
1215706165
357594947
211473257
1386596665
1878683203
92783217
34260278
179549345
31414538
1133085014
22492620
1676092238
549864559
105436944
963934483
190183311
155391229
339710329
378646449
266143019
30678181
838037610
278872870
502738400
334508443
1654636081
425753026
292211120
564771914
384762139
316550334
220934547
46327826
144832175
364799135
628536479
92782547
142759156
2293315811
246962998
274401645
326684856
965832518
951614118
428923470
506973297
266493164
59511322
201698823
537014505
582204177
168882838
92000502
1897703107
75798403
140030470
247303459
226204855
162636653
388463832
70415422
223404898
304963372
581140962
280902326
315183773
355987120
372263111
111641995
472889134
293419353
325648442
1438672508
76914482
183808271
36307031
47311252
473203580
154585265
569099727
1683050502
148712928
1706791219
277487663
786495164
264111415
75553316
1274471342
419727323
239271344
573552956
1714890548
331653914
2191330709
545163580
460309418
557237812
162096830
726759907
47546446
633571919
217850117
186787050
296706581
490591396
306196082
165069698
62520438
202096799
453901842
212696363
273442799
31090220
535162248
1640756348
1374645456
538506585
604717775
35082512
161996635
348101892
540910936
322804890
301413184
1651040155
222443072
892940767
46553819
1293672522
817031952
418161281
518326010
463099273
370673383
264055899
380952911
1903758062
406980466
55194452
501717973
988953740
206107785
582511510
864447738
237116657
1238410424
260614355
368819851
280958506
16009009
384398306
596899998
1154800957
226049151
44640521
44123733
138152262
988240866
295561297
931391185
798002580
41801434
1023512780
317713722
547721592
624435728
2271849141
32489587
1703782052
363588826
160598337
368320426
478870649
734359970
793519327
468207107
1120369147
307901122
111276934
468593663
247261209
38663176
364170779
110759325
438215625
22121302
1627571054
599073524
1344686864
538830686
463569364
1053567254
1565794764
294017706
410941590
374451566
389334260
40199902
206126625
300690556
81108204
1857585564
165831623
30230374
934041626
308709186
370694534
78544683
405680833
257052926
1894461540
122016770
568894492
166481567
402791273
125741148
35179184
266773801
619197297
300191767
196134142
149087006
89637090
481250448
173882199
22533382
39520708
328583948
581158042
823787352
315136654
245294863
222009656
35768011
25485803
358066593
1590177397
1323089082
305154587
26788045
440364379
1059989852
1219573494
75539784
1213140206
959989712
533260152
603556565
303965574
189272208
300099508
70667921
474940164
251028182
301005262
222141663
39725381
36958521
126712079
622145704
17335562
1563682434
360451750
119691662
631924740
372320765
296021605
932889908
96503373
958254980
489384875
35707909
325564117
295589337
39441648
93801282
2383558286
1022209825
146571416
755747515
551253416
104696403
587342173
2172058371
198771847
104193391
337848205
365559543
44107849
350107774
35478401
172684811
179083153
1229378257
318429510
2388659244
353859914
1130544559
526100360
48044948
307068802
74546780
276999719
470329381
537151280
50307266
36336685
70977553
249638646
784386014
759007477
412424065
624833885
274998184
35722618
211906635
433257462
1904292878
567571260
806047675
184941796
575225150
128179498
1484171221
29392654
240990871
273432630
144150103
830888706
182483809
324270464
239697048
75219868
905540162
2198894265
421782024
143808373
295594187
613382225
220924833
839727660
301414987
566179580
328561582
52674563
997179246
119663856
19596624
99094679
483405384
76613842
571807812
425069763
576132158
365940466
226525723
44332118
323743554
364961598
132440749
87900012
196701985
309572328
1145475602
412373520
618133752
440087030
2469182858
364307923
361811543
853289533
181140286
1891520264
773947368
65336205
116702025
164196862
1097912929
249725235
1148282078
39016264
121415944
68410464
100361536
421224409
2171006603
47975103
84939989
1017056402
338593867
115960313
767048905
30030068
636818582
720182180
2168547124
227599749
100693396
52015780
323678122
28579107
268955888
272834124
281793122
233943829
38137415
1091560694
362919591
292811196
61175336
1229797952
58806135
278127194
100438027
206112327
134134012
155893047
332222515
272607477
569300737
164205410
193347901
128487783
138738476
480181930
268712823
288233586
759836592
281492464
1060213956
283996983
126305295
1223740880
367769865
35166917
212309014
495983351
208872334
497952083
236323320
535025372
55866821
446988268
141114993
40842658
557397603
34918883
53187840
477457149
59032946
448761141
1897052677
19275876
33205612
53033394
416242340
353785754
40438269
859361209
406836185
236300451
105451271
1075752702
101865124
380333102
349740617
45817915
196294418
341339039
343195134
2207268551
137094413
2156803061
196575385
832660969
282529040
41326742
626558080
1091238631
193463849
349645908
214061605
268738207
95190124
301377220
241056483
1300243099
253916403
392670807
361111925
551720257
384148480
293044988
216956238
21077665
1050639338
29675033
247916056
176026875
2160299322
401861027
899828666
1172043392
420286301
41155540
327294130
731264390
127437312
15761613
281605508
334504098
69828496
123560451
2323728755
1448372450
147941680
631632271
407283879
1159436827
1708233667
340796964
246787241
202110802
773671710
362655690
447943780
366053468
464436519
761500902
329487356
334649228
500009487
109537293
522079928
476144177
63422640
419395195
92239626
183954722
298463471
2203168823
129266182
2348239989
271995908
2153215179
337716471
36048677
268187861
215235921
1296722131
213567378
246767443
75346765
161736405
250049588
1262367860
1698687942
11754732
191765625
41583163
98586894
735318048
81159423
284360848
240716462
2231209970
70341234
1331098172
491878929
111358135
482834913
481000232
212501119
1327081291
467167139
208656721
70685852
159399262
270900746
218093954
721903230
572609197
471724154
480426654
388395993
42554006
116404356
1658651563
56465258
494024059
587468118
2415685883
406115475
706119526
280924186
60311259
2185521159
272880169
348432937
135170657
36318923
18493366
89138348
350217259
350865615
1290578922
26446457
246140948
1346178583
39231388
262676591
365986559
78614950
491569117
451471213
28969001
1725374496
711197875
821733816
262669742
120086073
205648017
2387562015
137262055
2150910967
315691078
774224629
631109291
319023961
239248056
176732104
331516650
28813202
190233203
465422751
176046629
296133723
613601772
511787216
123171514
169470135
70639185
267948255
47598531
868013700
821126551
715575655
598370927
192853617
239751613
1030621322
290673701
41115077
80840393
931846796
27872950
228988477
28757731
346036199
153338216
86519268
532861927
353865830
389334095
125712966
403955973
62901983
1157918504
58787670
69270999
267234360
240339140
736368680
478973996
41193848
27528421
61996771
214482160
370085505
480290818
320047774
288226056
2248520846
46922466
551044913
242241736
428213551
56950761
147875114
1917108685
37617544
632010059
346108154
881876173
18469874
569107148
953050321
28773709
94033423
212612839
250040189
49591197
859185931
267656887
102576649
250534474
270268726
394139751
859224168
310369896
62542575
420305286
139053271
36941299
784395150
265389444
717777020
310703060
472674810
553005521
258463866
372997143
407509771
339044515
50265015
388760183
296852422
839387851
864118274
60271213
103816579
122021128
498600605
327380572
579876901
296755202
47347590
1637845543
263176643
535964072
589903877
318315402
132695734
202875586
368989533
1596030294
815730048
1361767632
293938832
570681165
1417289083
364080458
356843886
1112429946
306108142
328108315
59425101
857738004
2383294834
378164939
377876728
289817028
597338093
98971994
396580003
229757534
151530754
623969968
482283802
609814690
302699930
436435797
214002537
389447003
416986001
1465376468
174226337
396008896
722510888
419456938
332980381
255964002
214509463
338448459
45803224
100032163
2370589909
285168598
6226142
162372253
315175656
109928566
978835212
2366478521
135509191
239682120
197349368
330976728
40237145
344104189
376151148
487492641
614004653
122164349
67874536
318228033
144788862
430228924
175371161
857950650
367073561
321388503
428952150
478538418
246690998
64728223
976096860
1076540526
352947315
330177045
157684510
74452438
188314286
212521709
438884814
391408790
187849661
49555076
617549133
1101527742
26226291
1229689992
203879660
513368266
44595802
1344252938
64734052
785143795
31780545
258821494
281996867
102605301
27630488
484595690
267850707
1538925914
854839862
1492095612
600843015
47890492
312527500
802025557
73397146
34345412
27823400
460959587
176060407
129563373
542328957
260172051
1315669250
966440054
259356502
123240869
537010929
68483013
398640385
184784966
2251814940
636869182
606305121
234304028
1722482168
320704240
707378802
541520878
72279304
1427213647
628675532
343222459
142594970
69634928
57512024
39022339
424110155
90951782
1517243796
223817606
302706839
26202358
852400129
360109161
240711476
254494096
730799202
108572319
630000286
32331960
955312800
491132070
17083595
168192203
555534459
241053069
413941623
554205177
293514597
143520366
274989706
487743276
106695693
858286291
2289851714
77191692
261134253
165786290
2305143156
1418239789
80840832
382188790
1010667884
269719492
437388172
261092478
173087140
554865247
34885499
396083861
64659952
203840021
1741835035
358801260
557525210
293980719
211851240
147327378
137366364
477620280
55612810
722594922
325057191
500516292
2232626739
413949772
127448141
486401129
406037024
380948188
51992803
116784187
296888947
549831259
785308423
1361252930
2188466976
613445493
481761639
88441507
226957188
288956759
81352543
278146673
303692112
2222872273
347220252
339776065
603529920
25040412
406932271
77730615
1261459753
394624628
259044676
19585861
173138984
412327974
34877217
291349303
83636219
581238626
250707949
238240464
478465710
225271082
147110416
1377292916
1253611225
471751500
329058139
18287525
1532311375
46592859
717541555
293406607
347669386
527542655
366422779
42603953
389631649
469764257
321898215
1114068721
208457057
317116893
1193834444
1376916001
313535927
61210015
71966896
98373577
1410079782
43308200
267686161
539028018
233678043
448583641
262651144
87382417
801641474
605755695
55220063
298725246
384270550
981687272
889478887
80531236
384288504
1346454614
553271057
1449009986
91168769
844172090
265838389
467807361
516491228
947418055
475872575
118697001
210597828
276908189
285048305
91312262
15167928
1922357479
267719484
248995655
50399502
194998211
518441165
234322822
83667367
123669509
536970394
267616985
936195187
219282431
459477708
106044434
280532526
575110991
479665207
1598461537
239430846
68798489
819564842
2238584653
34923778
301443977
32318470
184524297
46662695
275460542
34247729
173888418
158025929
92221494
600740044
1597861004
334046964
275433652
274445862
367702051
256145719
181193742
628398390
419449043
562964533
115903743
554203173
163588454
18895192
51740797
555779810
475849008
27002127
436677369
626327684
349543074
37920169
713546355
341496562
132090121
36304241
88996228
449527065
533065337
552016986
68635379
70502691
1476521467
1690941384
36660090
35200336
44630476
195672420
1110819210
67700134
1923857898
1974684206
211952975
19340230
594804736
551724849
258824379
546114596
2340699947
25340754
475728474
196913995
467245515
474691564
1229412482
89657056
1375247852
1417172660
461977408
357368805
341982901
1300749685
1150549393
745742665
94281104
499529106
467510698
40208402
321357656
784312530
283947622
98113486
267169521
1141374619
520333504
36961129
52800470
45800470
237610466
1142594875
327917500
220371454
204665481
518431953
155994651
292391415
385833953
364797418
281871438
1365545005
947829175
1322488680
49307182
308622604
395842236
35702388
382579679
285603685
445313557
772029386
461348009
166935680
241425367
347772988
1542971402
1606019569
38871699
398019679
331820612
1603014848
41122101
341016159
1635967206
109041642
213286644
588882932
123500561
492174775
195075198
811513428
264913527
252619126
502519849
615452640
411501459
605206313
286045473
327318462
499726196
354192987
95053718
1065305822
227967371
547083243
182289911
271823400
537207590
1259040480
91855158
539015143
835215410
582922112
202316846
1121909012
1563517416
317295998
95610299
209129014
541612554
1162189940
279005216
245764655
289222669
106028873
93807608
1227628183
515596839
1556336318
225903127
884095724
347496735
220990730
258676348
220808681
364243728
38148722
77437642
154557495
242225755
165139341
1074274418
326018939
1003523726
235271462
982394022
319602241
81921003
413707336
266550806
171180691
436102827
1001738696
334648565
467074009
483006493
430657097
2149355505
1702610407
352928191
1346197489
300157213
338171894
76581326
288712205
1127996779
365362534
302693362
1354678868
470915147
1612277706
226163439
1041798620
305005906
135760008
420677484
170793009
1410352700
92970480
453055845
88204812
297276769
200398243
717860036
73582292
249576161
200797440
39946271
291251535
66968414
1229711413
538155701
252951606
263159510
274423434
121144099
102914702
302503947
53343148
601648876
630186594
155332806
26468530
211848491
73055526
221659433
39209042
499906558
427796920
516436090
295685099
1263986545
47893177
384755293
1449195966
716137339
47079935
890486382
761799104
431060123
147861151
17948705
592703351
342991013
595699868
1346289656
499648488
183555136
629336589
82582523
401900305
955164877
185238659
32348243
170223300
460093701
366692829
219262353
1712099095
1078678160
38135665
564393736
272042819
84500895
374899494
307771677
310799711
546049962
354299677
473945534
435856647
850570824
141535278
590689853
297902398
589894061
462718441
188874604
85371748
380370049
65057314
964821326
809028564
224527898
471246360
433569659
240317084
278529724
380622725
214367839
321239296
270278396
69906215
1307303185
224385259
552674685
532116774
117009211
586406892
5845962
120132493
1483919299
600060567
205581242
481094282
214430582
228338091
404639997
298136724
1153996123
45888483
68386369
464501305
236814244
388156278
343974615
63677556
474052761
460135979
53185395
96397034
550162879
58754782
256945755
63378201
53869350
225763426
30914051
1904117335
1316585335
38397387
229079874
433982318
44858939
2189372736
635343524
138828361
29481084
171015465
223433241
28421300
234706434
351790882
205789160
370743215
969281192
1319010756
1058251212
421651057
515257519
29401984
1367319134
1426091635
1192526000
51705649
629589982
1484314584
163464880
414847182
47910985
28974804
1940190960
993231674
533991816
289245387
331526746
1327122962
2203261670
41108072
1326350418
793397574
349757606
1547639766
203486578
272770820
315065695
114837825
248344589
57599569
358723782
31144794
2179502945
561920266
15071339
70756331
489105276
546762765
313259554
271305721
94986123
822793052
786711432
61761670
231360456
366051477
302483782
227654547
37164500
250694184
146419009
1550251490
1402562341
50564306
42411602
325992840
252988454
1471128331
256911209
550068367
105419858
753408931
1255563560
33238631
72584600
440863622
1429813098
919497260
47895022
60045313
852390732
324211091
43067320
45777445
415638994
116424845
132116500
570826086
1694662586
1573371138
414141310
469092138
213750651
292768456
34667518
441570346
104399238
1313354000
1577881279
297348859
441762435
336724897
739042680
569462412
620121011
338504076
2289229093
1274732142
237827477
403947430
102644063
110935333
301385540
1352576192
1748146844
384407722
305874449
478603983
951255643
50614062
1220880072
34878259
237742101
1433030322
593464823
2169962746
84411545
1272464593
172843309
271472686
62500625
20240252
292097403
516381993
384777293
252174172
822976316
223817018
357428947
24347199
250162885
239774691
188438188
45790332
544234188
300512451
193253620
23427004
46330147
36610497
300978338
1375165874
209462882
451379428
37925715
518340136
767328302
54183005
1044555936
433221361
353228469
2241563889
759320750
446211877
127777031
284433200
100978150
216298570
2226674274
1288998920
303668428
297852327
66368488
182347128
92483609
363010064
557307368
275489648
166994194
35711200
117494841
779888539
322644106
51869445
416125320
321886418
78644811
44071712
2260600553
251507712
403462907
47551915
257408957
84249266
262046133
166512670
136989473
99468389
508981473
2182058338
107334952
148065861
288708406
581896203
1386431743
296671616
268351240
1349011292
64623721
325394528
395846003
960102037
374989872
540577021
465948877
153531638
551837026
2172800668
861110977
324027641
361270755
31879824
311352611
1303196761
41326679
506954343
1085588521
494568244
592610741
703128841
310712615
318561375
86876778
89649284
471832717
608350992
470961728
404067978
263015356
376128379
474852402
32200102
26452127
131449375
290997682
217225149
97240693
184455163
1547706698
238920418
102616145
247471663
344749188
317068574
743436788
304440622
1627399771
327431560
172660019
293366905
49368401
274636100
458974326
430778192
1659420061
158348816
567565165
981465991
841591250
41074740
390875417
278947382
448886741
842144076
234630740
29703910
1256280204
555440799
130829364
49627348
15002050
1070903202
1968108378
479354208
45800056
129241241
301900747
96128214
307875626
118982515
252186140
372832825
518579523
460976665
245957120
477826938
521652676
145323832
288136816
336660894
533097328
581586436
17700975
438098066
70782417
90624511
394826045
269752582
1968291852
523660076
1074432300
315224291
141480295
576240072
38490533
882609876
69551838
467460940
382591151
137268773
57597451
370697101
388876221
356868478
2441370022
1047873637
704350352
396626967
323975158
323123523
572329558
183132366
1334307098
46384833
78812996
422545376
381128246
352341299
117019530
245743760
44881429
214518278
267151456
556868781
320668103
17766280
325041757
351039657
1667785562
35760965
791651046
370271507
97012854
277458360
185616550
288816493
46954604
441742020
117325597
167459117
432288657
1391753138
235580456
400074779
629094995
599327384
137008039
442813237
745578090
1396144194
66311530
76004050
177254933
1217677933
450734490
306676483
151814391
197383168
609915034
1091613842
221752784
39544008
67938143
412093732
1163275424
1416470539
338907909
1866941210
601133723
224376330
332129815
317147014
469253996
395943772
140739507
604769720
1219659662
1017084194
290179115
1886848574
504889450
100994449
375501929
267130036
32906149
411508497
571644524
116416088
212344522
386612333
1015148700
621012990
56650581
433246226
561946617
214057244
589817572
318333266
262257761
131073714
476034840
114676816
23490442
27259864
1340075900
205005804
91589170
466580258
297922896
1897042813
249556815
1570517064
2285565848
590925840
321907292
14567633
164978699
473861963
943169312
1530262717
241042217
349489402
383665661
158435323
331099438
107898547
34911769
158720646
242814829
50633469
718473518
40830708
43531657
581934958
188412771
102361902
265871432
2215476265
877412346
1893550280
324865780
1165745684
340849179
557330141
968986129
630291656
705177717
63057102
568228199
496683315
40151209
976473775
888726744
320407711
304968533
424921610
1139984994
204806094
42446678
296714741
134517788
1004623136
1270591484
736898538
220258651
359896066
87373792
249096383
760221986
292808131
267747763
580900666
219929250
333310722
92008317
1979170344
237671195
276829110
36098729
307249923
1085288821
16628861
1378160125
121080813
122305097
39549036
359436288
1896695491
14455118
904684392
150587238
1728332887
271526440
447863040
386696652
389161812
25272613
514463744
176804014
189989708
800349776
2157003992
47047379
251983445
278971521
86025546
829497638
372420079
717630500
314449073
420117069
26456814
486824758
295616046
298924290
1286248008
280380521
330514036
430644028
94318141
130414156
235522009
342366630
217439970
27901673
55215350
606108568
273438226
1492209758
597554280
516747430
243089789
60078002
508547735
484847559
284107166
1277270544
292797203
42856917
61989587
241034271
53987043
126906595
256415195
100755587
162664697
551649109
701519983
271486304
268196212
475874214
23752691
949409010
61182149
431572989
627295396
162806340
86143437
1979037001
16872682
250577776
259688494
535535150
304998493
178319924
93735849
973608944
1867342202
42031247
1555266756
1200231506
219943244
15264593
39238196
424812222
910692283
180718166
74204157
920647572
576255331
30022599
257523866
70697072
34881742
518599569
318234144
284955693
1019577224
420917789
464003487
43099385
1298972046
931532533
256380923
1893423666
93331355
455747635
235052006
235727470
121435219
636882945
527845638
142254006
318259807
347213751
94543986
297914800
195295350
303974709
585026387
85773708
630264309
344781603
293635765
313452802
505868997
68328994
430125521
34901156
268740759
481335526
401508933
189074953
320787323
287370509
35776126
88670197
248169530
749628913
399926974
617097050
105062039
382585535
444366182
563884704
262803346
580675811
198442035
395173046
286786433
218034179
197167172
622172475
284919178
104132962
375022289
298565322
359656183
1310582857
82300409
38697786
130796347
379088404
46040153
100929494
216963826
919574748
88698959
241911052
469989566
424318010
172749134
352237056
308407440
400596056
257554444
240198165
60961838
208296451
1196320244
385123610
258836741
967625216
257480140
1042154485
68984031
130840363
272074217
122080039
257560339
420442820
594558306
313230629
1862759118
182356959
468230174
1109256014
22775957
89211991
1866417805
2413776768
483079092
957585440
372314487
409822059
319963694
24137746
1101611402
342109221
332703230
463153529
333925876
497780636
582758391
784178246
122897046
234358375
1412416105
63936316
221647711
132182725
380240622
1910815136
391317742
439957182
275562824
802155324
707295540
51040388
69314908
252180608
297390189
359502467
488607940
283512365
2375109925
947034378
472786305
74712600
91582851
34657659
338527672
738980496
286806581
65825806
111219232
130451279
21469970
174924656
416084457
40203345
766935986
354214039
346029526
247745666
140928854
567253460
455009622
886425253
544475715
517628468
246723332
251198235
397911382
329529246
347154528
243948852
552712795
282063030
1831452338
236301191
174776315
240655341
318276024
277625195
877900921
253194297
289260151
1025757276
207154734
522490208
508616820
90390187
351558044
2346406501
264752099
537027280
161634899
1003924507
1614527515
796016965
588384066
55222513
246134452
1297893661
314570821
551056187
56324014
287116183
84326048
38412785
265819169
171103887
1321909598
85591439
106652860
15298182
72342007
364842902
1213627789
45792793
37178051
62767066
239287865
299496257
429800847
51433032
46682405
46653778
557588236
623549899
83568339
46321456
276864155
371284274
54486471
133202986
218501902
296675538
507343038
1573349209
736888867
285619556
460116826
98944265
351469522
40642918
309638676
2153478330
68375117
2410331838
1371669584
76002732
21755789
166977851
1640045101
266439742
134814926
318677044
1286075197
483585677
466205002
390746577
229149189
1353536514
115020766
176434997
725968626
221121733
279080421
102646379
1050596202
1498162819
501059741
213986177
37432474
589901015
39474072
321304571
786846492
555042922
32427753
1884625244
377609394
139875723
635336451
360644585
885987504
1281539618
130455796
951683378
392142836
461052281
318877189
300461915
267740254
1420311344
858155528
46672119
223407645
417659412
527233733
527213456
748823486
495884679
151498798
407847564
35670955
88973367
361778198
2306766476
593841032
22598255
461752339
110947968
33188582
48031957
350784605
880082576
877198291
466680439
1886860075
1209745657
324339218
36634386
84897519
258796352
179330624
186402449
736456388
257080952
96825840
180804975
986375935
132957058
1058598314
1308392642
1492444824
363609479
474588337
87134993
76329453
105171648
568418093
74732412
363122782
35586968
938700038
34291822
702730034
262480178
64355005
565413990
46095165
477450034
1255868928
1664510496
231781039
230114228
328576539
1676589102
765470280
380407697
521373468
101477749
80563742
21669419
307912406
20502643
35712687
620002304
516231843
578751574
301444039
491126575
19105010
74447179
295478990
468326904
1565265404
382567297
390000851
357543517
182385496
29405168
137727857
368926158
1261677302
267750337
720083665
354337489
132808748
714771158
563576293
159385100
271386806
507203933
1014679286
891146768
328375567
237203563
1875473659
919268784
268134785
78284699
181461279
1933449098
861085038
1193058722
136652917
236534156
236887776
487346007
610554424
499792612
1323196116
163860635
348386584
631763321
557820587
1184004878
177559503
35791439
278439734
1335802272
139164454
296911996
158717906
55172274
170401761
1011857814
343232098
339610030
1718941752
91348546
140057553
597391850
615961821
1114485188
369426770
198835323
101469570
529179934
87126711
491611318
479647833
428906404
299690777
125305562
45810885
836218159
323370236
760097377
134231647
1118835883
92271994
201497963
358664570
309501177
319916067
1605180684
537151370
135771208
291235203
1545866006
191454942
1092142129
385882504
360103964
432348512
179047519
1435056252
514076358
367648169
572293619
49542753
595903812
308989153
445729336
1694737284
294585000
39082986
474774309
37400096
108595065
279001833
275902869
296284673
1295740790
283130535
1927447436
613650332
34956282
227658370
288550452
1264440848
1675536667
34906577
2342141287
408228237
348571160
527751179
63967175
356845587
487411143
773526224
611567940
72279916
389946039
323948771
1174234273
307977777
37877535
764375192
45807814
721902686
186000180
552202849
61189604
1896573114
139786581
953923068
1240338230
261606452
120023893
283544541
1199632369
406004791
1316706270
36082238
823288765
1405273874
1283441030
2314858587
866495546
967723470
88659067
1722275268
265692156
87704372
288875411
68364556
2228268798
52654217
311958202
402672894
843174169
276102176
1240907870
317145297
969983532
177671101
47576421
265021638
1482260714
42902054
209988854
154964273
213687216
323087757
520197082
35306499
35728838
191009669
2227730044
471284481
558785607
1862940859
348881469
374427339
116407390
1004076331
519361873
52810647
352457892
238120003
634642511
374457540
873577874
1245546036
120533938
456992035
238110926
502020720
1032494358
46984942
2210392293
171231231
279192841
245679976
35184343
568388357
452347343
35873931
593735683
334488138
482893347
293962918
493767869
702757154
344820530
566057548
731185729
141161332
532001332
65321587
370138865
363025131
180931741
478302478
89152419
36016273
1652986987
480377299
237322534
162339841
848767004
1844158146
269133625
1285776481
1477887638
487317724
847351154
888709735
116999446
198443845
990458298
816860076
49239841
2164342543
384819598
987221023
296794727
121999629
296401365
1265817552
2167769085
511856851
147139078
106414100
579672802
309143913
1019923669
334089389
202956129
516491349
434254562
575636258
366121281
330912717
308934308
353688536
1541725932
466351373
67558365
90365830
34933464
48689985
1342536860
44403552
281984047
798829735
451544324
2464516535
333849763
1897112533
80576702
229091154
172742118
492172880
239296307
2357875540
286305060
388779798
1282672705
328420673
393243444
239914807
222053602
215731387
398686092
17550876
357781532
107029796
743110796
446976179
227922724
227237894
313737463
959976139
90253574
292794751
33879752
587695272
247693054
111797232
405576610
263041751
308365273
20326967
82020401
610289955
361351244
538769567
311985375
285553439
370652117
802348136
1334866590
33943165
591731118
70911601
1100453856
611075371
388726426
404176256
1139041962
161549736
310924057
704445602
476572288
309501901
329603910
324341349
578254291
264626031
66298739
54505457
35444880
384583949
165739080
62745658
420639663
64384837
598366087
349126393
151430707
539952983
722644890
1244566728
261731200
1683013794
137945189
416419743
2368550199
1407390354
330387178
271354025
346716516
561942940
129460952
182479010
800035860
1643490144
389640338
856202618
482091238
65315634
1022570480
629703411
148723962
74674497
474753238
2148692238
288231698
42704305
70367423
190201594
1062680406
172822433
969764623
149151872
68930635
414659580
1124172277
265802964
124126744
47313668
67875905
619826034
241030706
384340965
371084008
47957534
189470959
716020494
404711640
714194096
373946664
249072159
2324414992
247387297
1392100951
280053415
140796765
436679306
264931992
45109378
632069687
388965975
33453053
212040921
498814008
210061940
29670282
583639315
1060124682
599113622
305679275
202095840
531985471
100523210
78855755
1089686551
306289056
830808018
262167413
35718983
706843025
40851467
250564466
245306160
156946659
716787907
104443148
615054099
75324079
1054208791
931365721
95193926
197728752
168577975
93837896
1219783226
242372920
106155236
852570384
560425915
68986623
570845585
801678218
281582631
557664302
523101230
1171819795
282946804
383225839
28754517
166973974
1202360130
236333705
55230317
71330489
1322492120
280935317
460467606
604486071
126568604
311273710
432429756
1099991202
2217756168
1033023992
66965182
62258067
360596834
1405764594
68916765
522162493
1181520888
340773949
723400782
255064493
1542845881
1672957494
764008518
434174582
2306084721
35773092
87445771
270273054
59745037
305002287
1304511018
496828889
35462680
23423068
393946895
324003199
347086876
536262692
33909987
275165288
287816093
252554846
800823162
207528625
15211348
517602591
115300174
532086735
57013045
51177594
1042772820
227356064
1732323194
947373594
1071031266
32348075
96710131
42369173
414595663
1251605245
523314977
480320926
123540820
68122857
153847727
1026114692
319465740
482382247
347221561
584013371
415476407
454959711
400097723
35235208
717850132
238015797
35022071
700849014
1397999329
1033203912
406837260
47120404
1277956500
100798037
261366151
598965260
545899131
235128967
37882134
525204817
588943511
61814244
108932885
292369723
34586613
99056306
616561362
38652668
297815845
567192541
344533832
1004163750
287985053
1121308363
721874688
344527040
320549814
234109119
1723394125
2181712905
59512904
857948402
64967731
372830963
611041108
74418437
235793975
436599121
449029520
534327172
310877447
184516126
529330817
43334000
194525799
294531709
549341575
177211023
423370295
784579087
568416147
356064847
452303002
331531387
38835186
516376139
931309274
467254088
118999043
387585959
58508714
329711473
221318010
200053797
629573209
248570253
28573549
42415340
32066630
299191842
905452376
567584568
723040315
271386649
213664058
107511836
359863768
126578325
430710358
228658081
20087934
598230824
1381799773
25033763
300987484
433140720
1896564692
1031102054
36705318
146839441
324189094
278683492
130781671
72505791
460355133
1033042898
312562424
569792929
52710755
849673812
199736997
340336697
34225043
1063120806
1479175237
346640768
302132051
97407637
302021379
34231865
282652696
78237913
41103354
268746425
2200881464
396041597
534260331
1563884970
712797528
64988434
218105687
128883733
602657502
18210368
1178688908
1299848474
256628995
240175494
238970811
2166603017
106098846
187584721
339710388
474675276
268872131
1324811492
257400762
847517101
156612402
273317041
54190862
1351061130
1194836016
234665796
472165871
168968183
981229255
128861844
181087882
66636571
985288729
224516684
470246856
1617755245
113042139
357437775
321842420
804043136
256440811
50312550
90145560
1450659308
506128443
73324342
610979093
619165288
66058532
59156613
622861796
337550443
320219977
120362612
76299890
117772705
2222141566
158346739
254226690
279416683
232178082
54161783
359793001
625836317
298664968
317723163
89159496
227320656
241503069
78284678
179500075
562644301
74507957
379588101
844474940
82116139
106876746
231362980
441147599
166513497
578731826
60616094
417707787
79162056
398542014
605347874
1395203083
357444911
303836648
173720699
16925977
326630779
1526883168
397553770
1336323750
381504059
252427101
631545898
246648266
1091577008
564349397
28953567
441570947
62217298
1052244378
104848128
1153638055
297964028
401880126
321325085
320582773
38395642
279452476
214906601
403923553
35187501
511856128
1588079360
304946394
270361996
482827787
370731898
47603155
37039688
1491222169
461903979
218847664
163453074
363663578
857087190
90022097
36021851
631021901
218102961
384195741
1717346353
481212715
376295997
52009673
316373832
1318172766
397263517
70239743
313789835
485441229
404745303
475471365
203462349
710968560
569341089
191436573
458223145
397830381
94552533
14314666
95370820
231422949
532552825
25494313
340129420
353000731
1703205074
856634726
423545151
380892676
359509132
100433889
1851427508
34939348
341835840
561481376
1193276143
376797269
2167580387
22890869
120358761
514583265
324209021
39813393
78526543
219623396
466202771
269694552
1011932539
1244093694
538049960
475034418
17019389
753320456
146865508
555119074
102343627
46663487
133181717
222558691
39514297
1085530476
395434076
616636225
54495887
129832746
236738883
1208463902
431732883
257871453
332334642
31080588
114676853
718382106
470225835
36166440
166629438
434124950
214448913
459364819
455592953
461044444
1626753924
2162732789
70672686
361823294
480511646
172579034
636078492
43069399
325708408
239326547
239292937
1496784788
1968805824
501582849
53494850
326141320
2305820901
43127600
1524377395
330228758
82370981
405480533
118199560
227582311
149446783
1617111506
903804997
67867021
382025082
171467124
86919380
381505333
513529563
29960905
308969548
141698481
852254616
60367012
1224450344
617449992
574314216
927503238
811462734
615111613
350181437
87936085
1316164290
365330141
257868844
90195221
310781397
210848862
489355315
65364803
37879162
132471572
261361547
58463578
330284685
349622283
359268492
1413000546
53654883
251017656
233590857
1562387756
18605250
252488626
36619715
352464713
152234056
19562698
67605864
629421680
41565136
216997254
336423339
48812744
934714476
914752082
235072477
116142650
600389223
188043097
624985465
1138863908
2248734953
912035498
619051998
1642560139
330271958
257375644
45306633
183684002
330818394
166238860
587494594
384323198
437539198
763678920
93138958
890897479
484626839
123504640
447567525
410772152
1411269818
839314022
437394500
44798101
275709225
596398649
432760550
124730857
85257137
296122723
41773467
519609450
768137520
328877078
211456083
1028607019
1227576542
300211154
908150347
217835613
108928287
148863451
496033291
264022221
1029106470
102028855
27830649
255002719
484283571
150541308
86024453
128191445
444455309
297272576
494210326
118644627
546678347
558876496
1291247316
563316498
102704894
95660682
454281732
63152858
1614518016
597405007
873702697
153289589
283575546
369003510
68386614
257529511
55153842
1208240364
294078796
364744609
274500846
268714948
510435323
42000083
50007621
540738514
297934136
48318249
417720678
1816025281
567123905
355626864
62495267
749763936
173462372
201719999
52033550
1889353922
377836574
83143770
389524433
292255065
60965929
611773147
248333344
17670870
175048838
30270126
19394277
270609404
60708305
710280325
204042022
614890037
869575572
81686444
630962732
386437931
90387204
1437570097
466256659
260629234
260650427
26472035
38298828
702846721
71239619
2437526320
177475455
1171866342
40000310
160930875
85560626
377257468
163012110
42373428
330423533
283672697
34845794
587322669
247171335
531210869
288288362
141140756
38635240
122921375
2326881092
243598362
1269026617
256056701
63394690
76590772
448937693
77582310
609294050
32836463
215934829
267170001
253437034
247252866
202092831
541133010
502719607
969646320
236790008
215269312
268555899
149496341
614167882
183627651
59790494
813508086
420364800
616266858
2416912454
289254550
629261025
1290761618
294568051
549520686
1927411644
508621334
284590324
400558176
331176659
2315728697
241073501
444283270
203045293
61425554
46401585
809109595
1172215430
97187303
248491907
364519081
1246760792
523158023
2189996450
359517019
382495000
344619579
80509930
237408450
35780339
604670566
215306701
155846798
44889871
583640729
1565154344
1130629904
789460746
1074781806
1861188536
20589077
31362935
1736022432
277968119
782803236
22352624
433266964
1186602212
554145058
262692820
1503255254
241055649
368433565
1680902784
875050968
41566058
501151477
609890322
241998761
33891421
422067264
378173824
255881524
220616550
353259683
462817427
999598795
250623099
337154776
35737116
367109004
630872645
96193206
61572022
897792408
555151835
633535106
569766651
258974362
558766594
299853740
769374493
364693589
42604601
632672345
75254500
223778168
274925909
1061468389
130764812
36381911
351765258
11351962
45785714
1087434834
325160785
300202291
293363114
63073221
293312733
177508061
234675540
271446742
1317496789
22024674
263251505
14536989
46109726
133239994
151842844
804424320
340307122
313270609
87736931
273406989
26219040
1102691504
925286114
305044709
575652975
159553329
1302647016
179920518
176636909
402814758
288728273
41569554
476070447
358147810
127580184
123048170
78414204
261093524
1522204255
329062036
61816735
75232537
289281401
599429282
1149627325
439291596
68711260
74124824
1203954150
270425507
133651387
393893006
2257878439
69853272
182269174
237235860
239708906
36018567
1217666491
2280273846
328722736
33849296
126271724
38591677
216685033
743085648
34993708
943065458
525306899
1157815154
325540638
1702190377
239696290
76888943
298043040
297824401
373377573
471905865
85840976
814967550
820992576
9854202
18231070
32538345
75255671
267078024
1695766884
131221323
577187274
41105721
1103469373
262732061
474928168
157126046
429194563
406921233
880169834
88400788
307432013
38492674
272387051
94072108
29183670
211510340
1200068797
282981655
84232249
464509570
277931183
821214397
1244170340
1522507110
289326085
312128966
72531884
51002015
1476974658
237367853
873831530
608332140
858261302
985980696
1333678788
302854598
547907584
200844997
44568519
240604580
2336409736
209523967
1941806353
266593391
1860960871
85282510
37664982
463066498
29691930
1640056411
2162701847
220613432
35194101
470445026
479503764
1892690352
92732390
1064897712
83811457
155525953
342331049
323910866
215563657
34885410
749558226
320146074
136544220
794725086
551770104
1404672398
397796777
1861205978
2252239529
1334896316
385361273
374668419
18071145
726792079
254571903
326027886
175047838
44852932
769376094
1977451747
63221956
232505154
378027595
367140175
63060070
284568975
34973658
485932004
189028458
57351608
19902517
17916546
218413576
617272408
389961024
314759826
284556134
831496578
207015718
456520749
532966988
135085163
388758280
904385071
526351422
31374486
88397844
41886593
263048777
116401020
230159782
588142171
391235353
48671017
836389501
246075279
274476897
1037892270
1320541820
348483491
412263988
290429752
179022642
1310719350
481053609
133731114
124158455
275966498
384827672
1217759210
147654165
20406764
152608353
325346006
89927876
294300253
73873239
229151716
63710409
81831584
260711389
1227075013
583369745
1676493578
43505538
14460899
180510861
1216499306
334479041
595625925
1497989299
116374049
213198172
94985018
1652076061
2293078245
91542646
1625902441
446125630
1897029314
459378691
236889967
1396327135
573638455
363085865
544147569
1060350110
174686451
1138755648
226475266
17505640
38819174
601814004
54144279
591592870
38165937
1196168972
132841710
558845273
1021928126
158320851
34634915
344640112
327234301
421011115
108536950
185580813
1092121867
390018440
429971143
377254503
348337708
225850503
169444890
78899815
515275891
278190156
