125245917
223420985
44651225
1931040488
120024777
1900016467
714099206
33456676
159789095
275446235
157582657
821069570
258922744
842323302
627192164
584907328
404938806
546844933
89651070
345412743
338292383
380451036
72657884
524450368
271901976
349690399
383118896
132458197
267736212
606289724
1144385406
281429442
540974289
875648858
327421268
725955272
300795957
319815500
277955580
1518427802
1209584653
397786004
484179872
237703876
84396553
330468231
383070805
574285480
164207732
176131972
473284628
384359891
973729345
167360088
35474006
159612308
377042784
212720062
329815275
1270676582
1169357239
297958740
306656923
52361356
43704146
165027745
284078021
77942955
473671964
65720270
410090601
172762989
278155831
44856741
296743475
25982651
239692289
114412090
200433441
480942474
167360888
815187103
1006756489
348601391
2155410795
612436881
1565248808
587272924
494830869
34921835
170632080
104075304
432277002
361133118
84993601
389769683
390351117
578819101
34998943
60046574
189529377
33481326
216609080
326862176
287848280
2450286279
475093396
168143005
279386186
50584326
280637423
375525371
234334723
261318253
71272013
51450825
1367566170
714401791
261064696
219622311
254941689
76878497
250023776
248513888
307993335
290503949
378545020
556605974
717907664
584944093
621116243
1287944898
73080203
201188030
239335793
726605714
128224099
34236924
36649905
612449632
1687789591
267119438
763037767
526467074
388118719
315622189
118703596
297499966
9105872
111527268
153376715
70060357
231383656
313244161
60645361
339642280
84864629
30680235
263488167
964601988
1081848182
995303232
1124290057
290464313
927372702
430170194
158113502
85825659
292836411
236866590
1898423688
404715983
531236425
233542458
92735426
324886331
1076032166
16508706
258372746
211411563
356392972
319073893
37405949
1474845872
99153996
19896150
60010455
45835403
207923522
824864893
249761466
127831893
469181498
73736012
1144998847
88464495
300660248
452802465
831843564
263162623
404310194
283926428
275923644
220030188
44688153
64400186
35716633
139439539
229781662
78861389
159552399
475659852
859565784
358923018
728784913
1159883767
732509713
183598455
579239515
821973584
19015346
843934333
1313315174
246160450
599111219
258390628
36345803
243603887
329691234
38211302
19598402
36623095
391914469
353930226
223126557
1401413503
32425017
529287870
1376439950
171953788
122419890
417723174
295519729
469545431
536335270
722889320
280234532
230120108
551763515
463188570
243220805
168999629
127639384
626451674
476536006
171867971
1319962651
982856863
450642633
2160654719
108608482
160448859
164771989
43665574
555824802
343376513
511759222
380961923
47565673
365349460
755556408
333350381
738320678
27207425
349696131
226060855
112770397
617340388
55175488
92939465
519206123
403240268
323388331
336579874
125587856
202537452
391499456
235129733
357478408
575507332
707134538
37682218
364392616
273004421
244975852
1209759151
2326049025
42861106
99992968
380870062
513437943
41168232
2335352942
236123733
339507674
345909803
332338235
185202014
406031718
256670476
80387925
313949655
349651890
284027188
478549079
36035431
313451174
1287042044
1095541255
156628016
370121843
553275182
355098656
276531992
717667818
363879550
478409948
19061464
482930642
1920252858
1116106212
218463471
484498538
277913209
267689750
312198010
1864639028
229094505
188676192
278868431
1369664604
1115700344
56664455
104125246
868270458
93705360
34218068
326684094
837431875
36328065
176524921
112397888
34655995
283485213
22612991
215872840
101701455
248370558
636283922
1904122590
168465418
228967937
373982099
256415772
364266515
148808046
75750548
226883447
17986267
544088839
189920877
219264564
91981720
162398426
114728067
195122375
398552108
843231768
198459090
118677831
94875069
919702322
770005219
352246532
2274495599
34866558
314150678
245051289
343932092
99075754
1190978384
1186302050
927195278
726157489
316440824
474827742
255619957
97454077
1142978815
23055741
1198020314
410817429
120554330
382637509
369421274
1254737005
536713410
68479451
53620035
1214731735
345905242
108526105
389032745
2194319771
354385472
468596201
270964571
516724690
2472547043
282504878
1427047916
296140107
385515050
240566853
478418323
823301383
33453921
27424934
250469862
371186948
1878786114
1145998309
108898357
257382021
23562749
831781730
103234683
1558100358
392536030
34901511
377245739
41055574
19138811
143392715
292153323
263114989
295251185
17700414
56662407
432453083
378601538
758884770
743129964
82284823
1600986254
69913336
303763019
505843536
270316678
88872609
1205756570
315746627
1004915767
236949678
219927597
99722851
549935484
59117564
41329070
569299074
1283235481
82870330
110970370
554998777
1060878020
310747033
1569428522
628370733
236715170
1650599269
97629086
246369662
326320492
373922265
240577063
441689459
1733182098
1006957470
707876802
190807993
250027043
452176289
46116956
259191674
893317718
273904816
34887220
539038016
1093122133
360475913
1678843778
53022785
329165652
1391793890
137933391
246500511
581972750
340178416
293613856
591131476
145148010
470902751
389679864
263643884
104577201
127813796
607872016
592070659
953221116
51460463
67311881
92027573
597044653
962451690
1088574139
372106573
1521614498
301381628
1612704240
249688016
26194882
525346661
123502712
309976411
41816780
377919050
105076449
260723214
714026316
29170146
267134494
37879126
425020927
304335476
1333656360
507796825
248580313
148770356
319799378
216261372
1148340769
330977211
361115384
380937195
76162885
177550583
1469090004
425273910
79132061
26450947
440702545
33844911
1060456795
96126246
42386994
767419580
214008591
62277259
304258645
312133904
329207932
348909110
893297401
778653518
243533893
106415716
31370706
899735767
223243194
142459512
822941700
223805576
130571543
203545878
921137299
588389122
299564844
577293538
273438979
198194092
1916965675
86253868
242700825
83157026
159135637
451520952
292445958
368857360
762390996
356948199
2208768364
384296258
214884463
1897322419
56374555
280648564
89206175
372390605
87175102
107963756
39309555
275959881
283912065
101204661
1456917613
1367573318
873468990
713785536
34400938
62295800
93940326
158360260
248215253
1012911120
373238560
44327813
53338538
1421230783
451433698
245653982
309180169
616968256
461203520
1650957138
24143552
427345997
65417092
80831255
462791713
42940585
46047186
1440756968
1294212128
625338148
635665487
131784070
190579317
69885822
491976569
375068685
565630458
1857861494
161985750
1675538672
234340053
225087260
31209744
1542905353
84986120
14406592
56347821
1125547604
400773318
1577203429
76286233
1266616850
370735923
310831473
173599095
61279195
177164183
243641368
424055651
545388182
208500201
26394505
1374822247
548452378
419624467
179502498
100987248
596295791
800963401
260222188
1045815157
787497193
42014976
86923538
1341331843
474669875
599023563
2175288283
2161391646
446857400
1413699452
15819592
64180580
211795271
78558012
93441800
240134381
287065899
221701684
572896715
356856414
567958378
187482180
227765327
126967086
317087541
1458264727
37405863
873650384
120461734
298180400
276837999
570747936
431109912
63035758
469572316
1429653702
281218120
104087002
497185345
629087483
622833625
468235658
232746732
249610104
81886812
102135099
592549390
23294821
143173636
383630794
300176806
1013982576
309622914
91550973
483170010
380161389
41116983
471224805
306744149
43305304
33880213
186752777
30274860
524580327
857648047
79943189
248588634
109577696
920941536
156355560
1543292516
296876901
251759050
371731672
700465606
176040709
622583160
412975554
295591138
380602876
1605888116
599123820
1089194814
402536301
66636407
141446930
105076938
58543651
156642884
513613260
548056491
608149742
261754883
1389184777
360509671
110942908
249597333
578374227
229196451
39230068
50843213
66067570
252022342
438947743
622819280
68979618
367892007
282720769
262054135
69019425
458227930
306940469
531054152
39963311
380341846
604329869
318439835
245707801
237633709
423413444
141668404
519335445
1500248148
243071214
110121475
1188797977
283060463
713966214
822081552
374598411
346623651
258889689
356179704
66093365
211579189
36349709
880002223
1283098009
86427994
1427574444
267647554
98085898
139639395
385026792
1193251142
2177986673
170250269
29405743
32615367
2150070136
326630847
611534862
326045594
443045587
227974979
238971293
81385095
417204106
462844465
1625738263
468127191
789445904
26972168
855971293
366398306
276905976
321010503
1099264267
188249682
38672669
551013437
1718216179
406826848
212144871
1433344776
223807523
542416676
187152752
459477380
88681730
217440353
519634878
31386982
1073034193
84519923
723743534
53008174
40212313
386473488
363279370
843573308
308542919
282458564
526416906
552449191
589780469
613623650
78240754
217340770
1489855950
345436879
836408419
378869764
727820449
1672958742
66054210
89662940
292503101
414012721
2308307733
207980620
274645667
280455967
34906130
927234836
167098961
36312513
25494043
414564826
356140587
297270109
330366367
185643070
368797221
1498018094
1497573584
242143754
301019522
316436147
47901942
485631524
811075236
76307663
1644451326
271418229
195360580
2401621376
323907065
271474816
296207276
608255892
1348662134
403348200
191023098
2195712667
65694024
249571226
327253022
1930129484
812623980
142615722
194275546
284325026
166634360
304293231
703582519
153845379
593623545
225070570
271812116
201226299
499933210
1722944372
85778071
85268479
899832607
607069294
1655179370
624462739
475168871
333959210
241234037
390622144
36648194
242714901
32148201
43659869
78043307
41946181
1486216014
216377398
223082393
279097617
307830624
450646057
324497379
324848755
41307498
1526998988
366712034
129256380
34895146
1171979353
1853368694
775959032
156983805
255592176
1479285038
292190829
188360983
1726549321
351527956
192038910
300883126
90354435
374971488
243155595
431162150
397279580
561001845
336730548
1436605040
457229107
549951635
44881195
2157372372
98843123
335924619
258380799
277054711
203013106
271766982
45835028
1177943707
612842802
613359961
48643897
145677763
270912752
824145361
295153507
330029483
485397895
213218417
761543064
331578297
524563410
1682959285
468405417
1672665180
16000111
29157166
62823508
35463401
271881833
222767976
304332888
284945092
519700754
236368294
75260312
306701565
978403009
961982388
544110438
33491513
293507231
1117634948
368891212
71798076
424531538
263889094
236897946
123573145
98924942
226897081
504410861
2195134761
377448006
854241876
278180516
75891077
1054856264
589126390
224892336
301926342
478372986
336459562
126859512
949752008
125944673
301372917
633654734
271560508
1974174751
386778542
248571280
389985790
1070946439
1467332516
1062327536
2443761849
144137279
222496812
31398984
541631054
348407322
290047772
227290429
264669997
703190882
39114740
599161612
780037999
59725169
626519418
68636036
1664371524
56376902
242267709
341302651
550400818
1295420142
29421525
450766166
1665031441
575534018
352212492
2310077643
303980729
296506697
297414864
370029959
2152334714
830645270
1620197790
573659409
150243189
460079173
106739485
358457979
490412025
37216420
83449085
564532365
50093833
259129367
959901318
46087369
45916250
187867993
439283991
42438267
80243444
240772042
828833791
344923143
589327535
393963646
203025357
156700726
168236765
575671268
491382928
259194231
242224554
61516829
133228136
368834377
243133948
247670974
90339727
65399908
39472604
32497778
548699525
72096049
2369927893
103366816
352281620
281475071
920801330
244827545
204353247
1105838263
257021520
1588393124
45848213
618236559
39457392
300788395
419715595
206668035
202979317
984685506
228844315
214168684
318336703
43662505
1261229545
300116898
1566282950
131085344
573768871
349060220
317065197
1630797156
1189954219
1295030767
844222796
541669246
258735521
475564830
388141651
37940400
308532514
44831235
1925074998
178227561
117053098
914844876
962442079
34872008
33879179
332095777
89124107
291202520
320670518
19965996
1366673022
224934710
132822434
80777186
20623413
385888340
74213240
28356183
139337470
564509676
249044910
247749310
238446195
986933010
278501387
116363953
376794749
42710693
108589972
172295511
159780580
274673816
173110012
339668947
360661167
465578378
453066976
31765368
89161617
90155814
239922200
43734191
447857345
191010860
1435175731
343235918
59084566
912419520
2311590240
226004884
721822783
164871575
14123972
195666497
153375443
969954343
1297752672
588223960
317092244
311945497
468537704
752905063
298467032
218442301
188686675
393278516
74712042
353523725
345558671
1437982033
43320653
245712098
386969177
232122556
787188132
459170958
292152239
142278552
1019287424
471397732
52075395
208883237
322538054
1572184802
297861331
773963539
909316164
873158316
747677930
17484797
95636470
715931712
317823065
116379681
509240337
34335502
1887649032
1267562732
299136817
177921934
134769374
70248096
102001001
878194465
537988431
182261195
306237951
618878421
86499584
49938690
32281398
2435467677
431687550
1913295374
449682366
599201670
251210087
314157828
325629050
271682265
620237442
203789779
1000347235
313174250
340305079
1576777830
139793076
105190628
1033950554
235546361
710139800
292409131
787181203
95282002
45836537
338182791
556798285
1246935949
873661032
505930513
246154801
917237137
1366555111
547134118
1606331978
1173901578
1900824721
218934084
559793587
218481075
560606279
128517255
423217224
99871636
349189069
81831879
293657765
247712910
843098864
278557106
284982979
40817239
617436164
160495926
385434523
532281952
458237811
429947036
730203596
1051208190
2372358271
246678551
358025769
262550579
615206407
326714424
231894912
46627336
878014801
209921307
201594486
369109767
218791051
1100210881
30255235
202124138
74684080
121056062
58426225
174170959
191435889
178865470
261815358
300849826
22809078
466432630
285564024
338422509
761275188
610247922
1732493910
888439363
158893529
83589841
501439855
263287751
1267150760
353222544
394500879
300697865
188699605
749770760
297415031
333330671
1903096261
15645981
1254998240
39047173
1943429996
1459714825
280117253
2302097309
506796574
336936601
67860154
276079169
365478467
50596420
179435125
548317239
58449549
399994031
96757186
430815146
876113958
151921484
231537678
49979082
352239881
388445465
929235468
428988642
66492556
384197866
343875115
458254170
516216321
786183426
25050214
337408743
356137245
84613840
830661390
1362248209
2285396525
83062147
66319611
196750390
2197901900
334505362
311904172
240211717
84111570
750900692
186173595
169049288
395140653
340322384
395362124
781101523
253663527
1568917478
547430224
588952472
67025921
28765074
298618634
216639137
61809871
32868143
416886556
376739201
161612068
266570320
483146286
85577997
262054445
301534496
533352552
39468116
2176735163
398588051
40645465
946171512
1678800259
187833205
19714777
153069131
707788463
128868066
621783842
306732106
2234799594
158121505
322458721
1127921887
166827551
267774678
451917795
300151250
273820014
67882783
970502084
56469276
592978704
969526358
718359482
91325122
612968755
113029140
1384458590
577398512
933857401
272884868
44712130
90960739
281593938
40865729
578688497
209980531
92535651
375003892
854868602
316352026
274068730
739058659
292457965
1479796154
370110065
282432996
949478018
49903610
386911786
118404463
843851604
129145066
600670300
248750967
1435852428
1672944816
597184001
418095966
230238013
797937494
66303227
354726729
326045710
489704384
33874117
335755721
217338264
201220163
38389582
238971413
322484151
619935760
265425122
464767581
15491755
2148784963
1395386654
775405543
101431173
1337330072
2193894600
372991270
478159981
1353703543
171096329
509107604
242319141
553616303
1677504992
600814622
234181488
366527523
312652353
257319299
106396623
257345287
106141234
350812012
212127385
632882424
1568622762
42862328
264726698
66938090
862834634
294031572
483380293
582579212
475665827
31357391
466403351
67575885
91316406
127516969
357450401
178878630
345784861
47882212
459118204
264108743
34231197
1899552974
802831674
361858723
549939624
21898284
101747871
478638972
145656085
1655727229
481007838
259763925
256664875
448643364
288690534
431623899
561166755
976391706
317873881
502615792
304429578
267337485
1219215224
299580260
1524243558
412312675
263582514
1612831320
495035832
474092006
608797279
1150491804
17664396
337038680
377866300
273784435
234278688
36967214
1377608792
95197112
350856557
552767987
183737951
13381882
203801276
848616330
117730698
41099428
194025365
131200945
262657667
103273994
78658010
40646976
148256864
330285253
366014965
267659635
550772192
229895345
34965331
107190947
135147065
326339539
400075206
249658436
272290540
213961972
47537191
593028776
251023117
490506560
923065484
704570434
119690823
2183848142
291908764
57599188
717089039
1307517439
1065330920
47145139
602939822
438253812
62817047
15659814
532940492
1479165110
48267418
260101604
563184879
46068877
240564035
239398261
595803440
82871502
401446100
73882101
344906374
106348242
215975868
355508221
534387976
63793206
29412379
827502901
582907656
599853520
278371434
413367757
72265076
19904623
609943150
1263724802
561990751
1899798319
389383008
348412124
440929302
292343913
140725844
1067669360
751501831
481493054
92980680
219377564
315751472
94534052
275510009
2252232568
376761029
2162055971
787763174
47878329
866474048
439879073
182338821
35674111
185589188
184850232
231759424
314196624
405384865
165011657
147885411
471006343
298193845
1892745463
327872568
57913615
169632028
35062280
83892624
521366178
784658886
407115564
417721185
475040827
240254412
308137303
403496597
293965545
571850807
215357359
214144864
947828162
2231007349
280913023
56933978
16449094
330327365
237214268
475548335
482687785
793519220
549025670
490529113
410873208
183185581
551238762
302831313
107371378
67883198
2170707956
13199112
945861554
624847896
92731878
477630098
612405960
276066146
282663041
708575059
636893257
300661845
132878702
461965847
805417082
558933155
233605701
277660851
88858359
628320523
1206152094
2175418444
398622344
70360760
340762060
1409529044
76261963
62574545
2234478315
230719984
472679174
1727959573
438216794
560146959
30254202
277456509
485183906
611159556
94284300
573878396
333460679
154424136
404954874
293006314
561514851
1880185230
622644336
545842511
234860945
556678781
18191311
1465456394
369510841
324840250
242123045
326417629
372475140
273090507
39266546
761487356
87394185
259230113
1571280871
197826812
265354772
626706007
1322307331
34706293
50627742
507405009
46055111
632110850
2334374464
43315065
74439576
827239814
877603681
88701420
118696312
327603778
2264694666
264646435
399858193
1549761018
200132847
992660190
2247897850
17028992
319067594
401571673
394756046
454113872
256887138
252502373
197412666
229033796
168625299
931681628
44413370
133207849
623763915
37607173
895095212
471778273
227230559
567992930
206824189
385324033
1323968838
1030529791
218483084
290033107
299534693
380410289
485479852
1969980402
27866382
65597697
31104444
119347882
365933148
1693471676
335440469
33463627
918326460
618213489
91052773
1685745764
724481088
415521577
312000716
276439703
266512597
597403186
730281487
89667710
92261803
466750785
306678845
580643954
2285276947
212980510
98144578
592575977
799850431
509525728
111360686
35177958
104408518
209501093
255967021
153487925
385339386
505840162
931502532
336437539
2233609042
347441143
270808582
158626257
133803373
85832068
469276958
363200069
261843964
555085123
39312055
336168812
1374869683
35160453
116277847
262742715
29153526
118036080
146111769
299510716
594883445
199728514
346486501
35486468
158712722
34689119
189431931
280113777
116374673
197430835
237258231
273334958
205582579
340859096
261197600
1361595416
1191208093
486456018
599247400
1897756272
386401268
362373842
468447475
355511813
207637347
486302451
281470873
462705502
256508721
435677850
1115065022
58806221
166982320
67548171
300848640
63815496
85093725
265333130
39214389
1274371777
294786545
51976414
590145756
39754257
230990219
576489958
1013007762
14018122
257461929
198422479
311961661
35775394
70957531
267026420
15120921
625715988
539879101
1323966590
364212828
262758484
271336852
1599504996
2169633351
126035440
1547466907
20980700
68983933
32369362
167876698
1632580603
78055602
83881760
773318724
498706113
34870970
875814330
324485765
171529573
224295208
248642292
317762370
137693090
370534544
224178991
288300006
271900891
1375492843
201643525
134924996
540140305
476888849
1891293811
70974023
276931207
83643735
741058220
317624829
135487010
1077465114
450605775
406462294
1023653359
278443983
170560514
253508687
214605467
157662825
772860372
202995581
749005675
1917398173
264285677
410673157
215723760
87660151
412093699
607112950
746753142
262612408
917051281
86903903
83534282
100564549
370067187
1883565253
253473734
43719307
212119068
1063480220
989297622
76904545
253286572
149561896
114281603
326132346
84556891
42418804
1519297512
202243410
1266883620
38627720
214351997
1945041115
1645154149
313956152
591191453
378534201
152347722
282484968
409367511
1103634210
20281967
600398507
80035660
348042564
74735266
555213945
151341515
1668323814
475712145
1349261149
620350581
724451750
81300591
224654226
590795330
49336037
194518758
31700296
590912879
1614729972
1314565014
225771323
127846382
785466236
144786006
1136503838
851328301
325456700
116406742
233300725
165105621
841904372
214025119
209088168
199640702
74117145
73077349
533994704
1287882788
233559067
1142086297
903627720
44312979
340809310
242684481
44838017
289293384
1414924321
304398213
80059031
351698033
113228637
555148737
1363717236
38843777
581551906
365379372
372665519
193747877
630644601
204683314
49672797
114705753
405032152
163004863
902589212
184963172
214450796
1701435458
492937093
167409834
561803110
76739882
40033596
614036704
91330322
413844711
387130848
217191632
232589035
736595166
245060179
56995212
104432232
264701917
247262932
1188797934
198442898
88383195
41784167
464724706
153702706
555863639
37924833
288230192
247647372
314081961
130420838
248556587
211516593
1717957387
194118983
206610721
532117741
209108594
234081260
52717799
94778587
463540988
366648482
981074792
552931754
174958127
532948579
131204876
474865256
503318417
1708100383
336044734
428448726
159869323
583124613
239234360
1247000611
988404744
279001928
132309448
419714652
35759701
250024481
324972751
213605110
1408494907
36004658
292858600
149122774
132963925
73926693
74455137
365398501
230467846
871627040
1410560658
629556652
224644197
110744008
113707672
62377326
1061438828
149366359
480390130
297482089
267772660
623891043
720216566
773524741
112221663
973728050
590062923
754821895
614386876
848958530
277944497
554327202
1260427914
574223593
328547864
1623157268
439148050
606347715
439268985
525259399
44839054
522015639
308399234
142541549
395340152
257345268
242246745
284024207
371274680
1531062492
395176593
290989686
598547327
2346681948
337873187
45538793
589325722
237166922
1057719415
106729876
475645119
37210319
271850821
1943204858
419431854
792163286
1060966519
355560355
52000649
148473506
36621891
36086558
77221887
259166409
430054478
35170409
1255041780
30048328
535549900
1329526526
1324744580
278962269
128461956
368408255
391250091
194927770
332846601
83545623
369948788
2322292383
858064069
262206507
1324182529
1859541312
50253176
74667642
282457179
580115150
629667396
793660987
261669500
262190222
115798356
384917545
347073481
522335586
175757770
67326101
23440010
187439416
401622924
259720650
265798834
422439300
1710802585
545353570
34868354
17042289
38146999
242633857
240544207
862813850
467724888
598963328
17894203
39033048
144743124
407956068
233256763
271787479
1704800868
65000323
325083298
712144595
292809825
1114510734
24843197
20694557
721998379
263089080
331512111
420989124
90833827
335889425
29001407
500920311
380216597
582681903
1573443678
64855582
519812606
534167267
385488765
272454100
198789881
544563953
553746879
472988707
1116095138
857808955
1465838936
212152414
313429283
1016046092
76313349
372141187
204318074
491907714
437523829
561811382
1420999837
459082813
540570830
552769824
478551254
1170251156
368999703
949607580
115127887
109207065
267625928
1918061420
514520524
577067242
106013698
445243983
273071974
207032709
537676731
621174523
572828332
1417186020
257013372
38147722
50212860
62015246
319745140
914457576
335877172
76622301
448976137
1119143388
338299498
63683497
82079065
762047767
84028450
1632123648
896136325
29413087
1616748006
78284343
478565009
403220518
1285115617
1901313014
99954968
272039655
1174672124
2501444416
117000033
211149381
146381717
279441863
338973699
319481376
405415607
117072439
33235575
1927334059
727935842
54128752
1159713888
1295884148
1044027968
257362037
60899859
61415023
341687540
313185357
84633664
1916731886
82579953
479329310
39946098
215438548
359481608
273051600
164970139
66952300
1543305930
1103749362
2320839271
605447630
559765088
555787789
1336991736
109351746
884988098
451535068
318436524
1334479201
1344165337
324250719
15889275
317956138
60502685
1325197652
560143919
251614685
1106275010
629419214
103273609
479334560
129531356
35541302
256429702
2222765838
112660416
1604527225
373402424
516430703
796285392
141174807
1077103231
636035913
1015546897
1680914282
1314638198
89659907
215927234
54183143
769773320
160164088
216203597
212301514
353210929
559363417
90676399
82257887
82649433
1432194727
1024223666
320703350
1317864091
437730775
379330547
524185103
806844193
409167946
601842105
25259885
317664569
1440677929
199390239
213599595
65906861
333626980
1008967830
481934807
23750236
40034432
525335309
1079724986
1705397695
455650170
323386187
1662148158
2263728359
45562644
238095068
433483449
55508123
280992545
538406947
1021504837
460552202
367342072
1127602952
636479669
36920997
979986386
41765685
129264596
812365813
475162731
252044898
340770560
278228906
333833898
309164869
50581153
369439346
38398968
314319184
289616594
897665821
154574563
376813048
376792670
1182895148
485760795
475553146
208990318
738449348
371726700
395266959
166883865
35709485
272890812
377306207
240661380
277952373
391974315
206646670
632301778
502155686
1238988236
198304872
344892876
546819769
400098672
336452593
137686550
555144114
244460291
348108308
1009296265
1116492360
83322923
36045854
184723495
211993278
218079316
1037708257
142355466
290743576
126239529
2163318183
14907476
369493419
1347533527
604344834
213995015
1567634646
1372975704
39475223
16720292
323113671
303204146
404022502
603822741
536074831
298426964
286106965
624589987
12937062
1222443061
2215431117
84553085
199210432
123477973
310734224
243835938
268672973
240786744
384996438
1377497347
708736689
233868986
73617841
526113746
145923305
344796333
264236602
253170475
241028389
1486146372
584982724
298413151
83131297
288164528
322548752
364808820
46144685
460012376
424418974
484768743
211282594
1573575636
480378089
388495928
438354847
71222313
244092766
634382611
264053101
453998019
406386171
784787466
297520541
523070292
615901109
140777393
39467684
618361161
347771375
881558947
44132181
63959291
214832420
185961943
377637525
1004630605
294559780
881801053
58857182
27466655
1145906947
15192434
166166546
4395451
308407662
254139236
210913586
466706619
80517062
242072329
37883402
52058865
2256984160
35740809
347108605
189577586
460930903
244834841
524133337
2170963331
484553029
115652315
183593422
382002833
1257356718
255878409
800428705
195584709
41647508
191577408
292272737
478548338
1190141251
123501559
738444997
495125235
87690501
1286615270
708027142
381406899
223105082
37193394
311938072
66463184
17481351
73599042
2214255196
391980522
870216848
124718704
44345826
254210378
479999972
84810875
359227063
506145740
1587886524
714590059
1474532857
184375606
914239728
70983184
322546754
65310129
98869578
1550525132
204780524
738249950
1289568086
228653180
300332141
539167759
613275900
272845349
429016649
1690408681
2376322729
250649624
513212853
228674365
94132316
586533833
927042888
418476469
391161895
1022344950
271902371
406086658
111279457
477405527
296227217
16188839
92006673
166086537
218473541
1437941629
2168602123
460934681
574483344
218434685
471775355
176735667
101305269
539109421
115908962
202105692
304273601
305251671
38928709
234646597
497723645
102681449
323926644
388504439
1186811574
391285754
424106702
45122093
1095584030
326179196
878048028
408597975
270482787
24699820
248811341
294532405
533271381
278450455
339951090
291735116
316069619
434338008
36459207
60521634
157359336
94179911
982160041
1100688830
435584583
47937037
497922579
243647249
576054122
84336857
1469284368
152359671
595433327
555880931
1725171864
1460415589
237611498
1713598278
583513129
856699748
597391609
814938343
305507471
29233671
125581025
56368386
54118646
476876522
365488526
396805967
561090311
200874365
711024061
218966424
1151475204
368354645
61733827
66113165
334087348
403219078
1640438048
47946996
557550210
2228342096
437397784
429146939
199162551
176473554
460118711
544069105
1410431616
1324668259
312626844
372468109
492243374
420687772
2319588783
240618506
215213712
1399190270
458528697
259837952
268283162
315030412
205172819
59049033
60835898
119697891
1412484649
68407650
474111095
1862039467
71461410
298655097
63100835
277974927
1890377508
284462936
1428603590
386096060
80794260
138037395
380311468
134179129
361267878
244218280
250130362
1078702490
332189400
1664526422
533929757
245678731
177118103
1854971802
732846728
351914830
35745208
340827048
1654839396
464851523
95598480
25803443
245724697
1889954407
1228071626
276870173
20753241
1318296024
87740526
102671190
901405874
402549957
396510116
923243550
278934726
706505064
588177002
36905340
190206833
70114513
234813789
632195436
251330989
629292179
936633524
753027559
7339972
921667591
224957294
93416238
286008721
113015254
16203582
1076335838
217517076
434892259
1108102700
37404136
387027564
1309781124
42839678
386136806
97214633
188797982
1014100124
636317291
419728062
1683388772
82932158
385879668
179106003
211952648
1555983702
727986354
551880380
376756541
980818484
625316251
155535496
192200843
33854467
36321410
1471812217
246797749
253014363
73354326
279906578
581885904
339266943
282615644
361897501
717714530
395232152
521073854
993357091
749163648
107347113
618078301
1124780450
554553108
20764644
2248801833
1391737741
56722680
280917973
342714466
124236479
274638932
468549170
230177372
424959808
237178121
313918268
280593333
2155433136
312498988
131143111
247167921
18132640
425234995
1892727926
321610472
304425444
47629725
445306323
2148957488
259236573
414890381
483695925
2348286382
103244785
186892571
1916523768
168065097
758635717
402828321
360038554
1271709811
41771039
139647496
251539310
77429686
1309981932
581676816
1734156564
377809768
813518749
146050884
366586450
213678504
35537676
115909359
436927629
100695751
501576310
138369498
249548543
1115275686
385814751
35698147
23725019
759131407
263615990
612835851
110716348
383356426
252588247
550174214
1253449094
124121642
289931474
460800557
368857211
238138217
72215900
103227584
479326848
156944546
974999612
940939514
156439652
826620302
422939895
227519710
873851503
471804772
219288863
185124380
825080726
473677168
419504584
768236737
234270897
1231689421
761560706
411331228
275974862
246443965
939805728
441616819
108650942
81789710
250616571
1171581222
44819376
54497119
398682233
497233384
115448135
91745747
1899709064
374727771
118704386
2276747981
633842791
325627196
487390707
186167438
74961692
1930177009
57910351
1567622791
53093920
1061517254
539873614
65345403
291107301
352892673
563708664
498563845
555463228
44119563
332348083
765188592
385257551
187467634
34894259
762269833
581924777
69259291
220651827
331173836
2275413952
246268799
500778542
257588626
218852112
64368184
367678142
861225374
81809292
110666205
97011118
116380368
52781088
264703134
33525855
133358580
1371673730
316958570
46837394
85514771
38140378
859228261
606158251
261189400
287173076
425694785
365370348
413081560
118066321
358788824
483863961
78724125
414637016
784981538
323723342
238715533
2233272787
329997301
1893230743
64218003
340390751
963488545
546761339
1853569729
232889674
522457654
627417445
288149274
221694529
354187432
56624839
309148238
585551109
356116377
87384045
426437002
92956502
324487801
98859571
39731621
403201247
947734159
69253515
35714698
49952782
877588081
256374102
612874934
220069632
87674455
537994010
455508463
769580346
2282048466
2164249731
962674458
1332414410
64691458
433290858
380877873
466809112
365127155
432391724
818919774
1244249552
387035072
630631978
464486094
511688969
2405117177
340877340
49599083
1282753518
122313550
412315106
587615887
21308431
80000263
1421260056
633959228
81303882
485581881
1036843566
88656145
844278954
34945519
241125537
144216658
33592466
249279616
1106723858
446423573
49928894
593974067
359828332
123497284
533250801
1725082670
409279699
565667025
471702497
1256945918
229967867
1915008901
375548182
284964507
605624885
278716192
837672301
292874258
947166733
239340765
1204617618
573561801
460094962
427122114
380360574
326742151
58421742
74134830
575656242
60668557
27492473
222460204
468074984
129503892
241456817
711178285
361218552
241548326
580819808
48637456
424086854
276095627
147906715
41542057
604439759
79275643
1247955853
917085210
482949457
1010791040
82834294
1491370632
267627725
57702214
348105249
68427216
76576617
384682475
359322153
802737433
414734828
42442337
246692783
213045410
240219558
353239989
494852787
195304599
101454193
481245890
339440908
402056530
883059614
614201969
1474119787
218401562
386166226
1303746678
270943482
630168750
339581446
466271799
324867885
766478299
491448019
250026972
36372266
1039742215
35771211
280408427
273580805
584640686
745106970
199015982
452797012
573657127
536588539
74112425
630204636
89969893
36918933
306294360
449749939
1571050634
283186889
52346285
39441102
304391404
354377592
62545007
262014275
2460591489
528462698
1003368955
738478351
295252974
500654934
605275283
299015562
1002352189
67320720
327226223
420182728
455180734
270789698
126912280
453723783
48501772
371288970
69309420
594356221
439339620
122002434
43313392
92498625
136662972
33877464
324931788
466330762
212522119
145553620
470429928
1416292722
52341039
33144184
325447913
628123649
76907433
56649879
1103495167
546224084
496383508
363643220
111571835
138310450
1524630013
347791640
333530548
60361347
2253141434
1359993050
240619171
142507058
30913143
51446257
271911000
216086307
165093319
213973081
264525544
35741895
520247609
116466583
1513204873
297288807
492115847
425941904
491292917
319061478
26244189
444639084
110181177
296059052
590291027
23060918
464859406
1595470579
223798246
224586758
537650211
303349734
247778849
1108400930
918401605
351535563
38923874
955228608
17531170
260717556
2258208518
1229145384
345860539
30207331
105448814
268429375
436112177
595306868
618193227
320389613
634460016
370186284
415406308
24547814
324358981
333909746
300533863
873274639
575419404
315292973
463649279
347250374
221363061
599882155
895402795
166987611
145944526
330332383
531221411
215607215
250792143
583635964
592591317
428976677
950123785
394674042
117435128
481409228
76920043
888333253
620967226
350303530
715052123
705290578
749006299
488561006
43139325
546972281
1439389046
265863517
1217688716
1160154078
444485253
2242233240
53033616
69229698
270771660
119745170
2196256813
1405753244
276948410
468376364
397196423
1975941157
115040073
845135360
850429800
304954574
571900279
1324527103
14087654
264135774
34914377
992591952
376736209
77016475
525685828
176344923
420992892
79550302
109025485
800370996
241452728
203906192
740287015
1727915762
1076815556
831474572
282531537
1277253595
456613282
257059089
249028643
209498255
295720136
776657198
485627110
226612648
95008403
600696727
2233467972
1263984638
77174292
249219340
335792731
2434896151
280882072
263280582
356094161
932248818
124178793
340261146
331547443
1305137958
260820874
72534786
47947661
82328986
2237913386
515205966
835859725
324887416
453773568
41775442
447266252
439788116
44860128
103969609
253211316
383929142
263131383
148845358
706779962
425914198
184411824
363046806
320836827
1119820957
10832822
501961691
561376774
603895718
190231456
1280270371
361959648
702487400
288757633
253565566
292261297
559097232
315810406
284367289
338258182
238542942
138498823
371290468
309789830
68443198
592692507
414161760
77449410
1538146776
102037148
94425945
44084771
72509744
56048255
28351622
1128449342
34876795
455793116
840011448
102163915
529388940
323255339
1097804282
323236167
566622970
246138293
49589975
636764569
277095221
1359178549
1014686995
582645406
16113091
1362665844
463643260
438443784
198406837
374047532
621820339
79446610
1884725148
14461168
231433744
359867280
82644448
859609429
323148069
830626032
579910151
62051586
716309173
300747740
288180744
1099097221
1896322446
2307973971
18403188
276966506
585522787
405630396
82414641
1947134742
33452235
74674471
555004880
808501705
63938636
423560733
331642918
76919496
373826369
1415461124
385845086
1212601146
37192866
148718807
28538009
357511292
19067269
291592911
558679701
78555321
399426795
65242320
397377107
790755114
2440018551
241807685
90903949
73838698
92807232
53895870
360486131
403615595
187221477
331080063
1283436798
333368805
254394018
321926241
315276889
241920875
245894209
1189258560
102010759
82321587
332902885
288045781
236788886
205635783
34997747
1264893848
506897425
494316949
1476514352
1690686158
69883678
776530231
41104026
54861655
38127492
427298064
128542266
308414017
593939935
1544698302
414886638
170289196
273478592
282460599
395371353
599403002
596692332
45379943
67971957
29439987
267073098
274391045
309523124
41529478
285793799
180520701
1228216080
257526530
418518460
1119837168
214441973
2172180292
203106060
908791082
223058007
569008368
1256810912
1450956516
428266792
490715191
311428533
541533071
245730881
636410861
354839855
601776147
442881473
1117598509
67289739
53365308
320076674
473796750
1560350486
1899415453
91150731
68163233
539118156
106726738
212931314
411314324
481231931
72641547
260780688
1108501712
459066231
1569956270
270818491
468412967
272634007
50228378
105125432
469066193
587378412
37659220
719612592
339510249
34834533
255964842
278006458
196476884
490364503
254076126
1672136558
19595261
539718593
300114658
356200524
573789355
393988632
528369964
1356197341
216288428
357359156
1356231468
226168107
180891454
106364352
343458649
514292272
620105012
189483868
1516100095
140082719
1181775746
222528222
2372939770
104752736
43641265
360562981
72888939
179169080
363204708
558402235
1110823710
622179680
292958814
396531620
146203832
117046592
343413478
286128401
706603057
2170504238
968184511
189056471
214152025
317667933
337643602
138043584
95647161
320767649
469240077
455796547
301930136
288163956
156870821
378384180
139663360
285568231
732947438
430478186
236346385
324574554
76964131
988950228
63957708
1229789336
65574549
472929023
208107924
1455843270
2206409757
369996589
381430818
460934454
317741490
138854299
273292250
72837407
529462843
226698948
90861776
305933430
331097143
252886831
304222914
388545577
328474014
610645541
14124331
184826344
311303753
28530956
141879559
15785609
317678985
1059630991
1258012844
958617523
1117599829
45540777
408700922
806840690
280429418
225348903
230120513
373962332
39854441
426604923
315942647
206251375
316413754
64145059
277443091
79159514
709733878
185960749
1144876208
630469671
1512418262
100720265
111924155
199614028
458190092
70211907
1662569112
65357289
412029327
67856252
138842231
368891877
237660589
561384218
1896798710
383297635
377585155
34881062
157947589
260685664
223743854
53021349
1682782226
469579515
184553897
267193584
247207742
561809363
570910534
350780210
303935268
35459908
31175410
305190884
215939596
82283477
282569331
1313519180
2151191580
33516271
35081055
493241770
314492508
1960709299
84816637
263036195
18374314
406187528
104991521
479422607
714612288
2262287511
523088555
438737356
512185611
535115875
502016029
130839325
377491826
355476145
146443511
552599562
328512270
309001877
391915314
206960240
608006860
296800437
130897447
273026306
507267782
42035018
2164391186
84335426
857854532
400871213
243966127
67272078
831448704
2175697509
142593147
529152959
61166738
749980645
263525980
609147865
344198912
187511177
176759419
312605175
55541039
1347304458
271936553
215540160
2462638745
305096976
520712023
51972117
1277059615
327363217
301933055
16431771
210088043
200417859
89990382
84089802
412025113
278447055
581736425
294532849
64667657
540530200
21441094
581772669
718071307
174164493
1013869183
784767199
254901945
187908166
163042395
330149443
201671629
269226097
382054640
393876679
1082103739
202055831
309822465
399331319
1059882140
541700782
