533414855
1719715387
2205564805
359942403
315215327
981850338
1627873429
804688406
104220111
1388955018
947434052
240212295
344806523
154486821
413808994
187873494
255963064
242364183
349748087
37177180
86256769
380803168
932134824
267040520
499940097
1358778378
1079060041
456897085
1131882170
735697962
331588210
239775605
246141639
241237697
19143447
535228365
2226736707
296732956
866553805
1285459346
38165575
420835925
1555308002
1150235292
339673751
720359487
40440552
407745001
93813761
1396922600
1933981598
323683546
84629650
113353363
320815581
858113610
141130250
291863430
579118481
14598806
984564638
1428284952
1095414067
124444594
632122774
431468423
576156367
90828874
44087794
70658059
54475909
82845460
817027814
33277798
1293890677
551698644
555094849
307515946
362968564
1853923015
21637805
164612882
69815507
259752051
403954499
327484749
577161527
299488270
784489550
89551196
2284959451
35187864
1338202501
359893822
558631023
54112270
533021262
211436406
404034384
127929026
60531611
742250101
77240035
211875138
365356303
39972477
507605007
425175576
289910243
367724487
302156848
2293693293
290993283
34203177
216314749
263385187
67669210
391265550
476716350
901340701
1307310074
210362520
551872749
579776488
84022994
316227953
83309773
280198281
547879531
300157015
555377500
141496507
145947669
393477293
83561090
495560913
540681641
301300006
595431484
91089208
185564664
312013180
54173444
127463483
975574910
513187849
80238290
289351554
188988971
30713982
22901718
179228452
473604937
714567086
464448505
2335036484
1134066703
1894005900
452805226
519546716
55506792
245254059
300147802
21478550
41586976
199566091
143198236
41815654
1239325130
705009756
376125707
555106911
275753339
339005947
18597491
114449371
361037270
398721924
324515387
242686638
240683177
323116951
347086516
476522942
1578683545
361135911
1034462990
163026893
190205061
38405024
751192806
1916566669
628286314
2227830085
576966167
889493052
391430728
326044528
1470009564
364736513
171401319
570400341
74665780
2225099376
403929535
297036259
2163643198
221344741
334105645
219341312
40122123
376718079
318921346
242825493
374340620
433491436
34270795
91071438
431841903
271999075
1044720402
1267255322
16529075
194760394
340197784
245698630
1897087339
40878671
1378694186
1552255100
895449510
287698084
165754110
120444546
57115020
1347789877
33549794
98592301
1130441797
614138543
68939386
481079640
34902209
819084854
397942120
43879504
20756090
373836304
44613809
249596998
267069969
35165211
420629546
57621317
37950611
278435581
606208743
95857095
1320637609
19615922
35724535
390028288
243964767
626597875
291711520
1381175592
316428956
1127410428
385095990
279395602
20976737
180343891
347365705
1001329590
479531892
16712223
1389170558
159823120
188814943
485875495
427208637
1514760337
537311193
463005798
218443766
525004492
232835211
541540484
120756510
361815091
107046289
454766563
94533485
1249748568
46597055
248331033
39517716
43547414
471162547
1090029468
227646101
229761898
368798492
1124493361
54561428
373884350
241457159
450377378
243769015
731091360
117065014
856170432
1127799001
619939705
149472414
1136579366
228007396
327294278
26277853
240160876
130184887
302207488
218427098
571919903
45609079
576397958
716333833
1944363086
245869866
1270653996
294107094
1686376070
251695251
275098098
302822888
259152090
487594758
110414383
48638775
19061233
376892824
72227195
234776748
30169325
468667582
225316505
15189384
374437633
273430118
435789965
636389307
633930143
634135672
345805752
125254567
68677151
1136423454
474715216
533445053
218794176
2295670363
71255081
47271870
353632185
537300852
71211481
276865805
159066246
350347828
275028422
221732266
817849728
327373156
570409523
129342617
843384259
48656739
420406685
255857940
121435976
360485658
292411067
29187973
106474770
911010348
257101370
300689907
171850205
34894199
632401389
387886162
1080274304
398650598
337124394
48283162
2177007393
330164973
32874128
789285090
337050114
188022549
248973611
154023361
1479425892
635677090
936514020
251036137
15847955
399254932
263034958
267678120
127797824
881622230
57694195
45535673
202962736
598670313
780105794
78850736
27197981
1169322342
198494780
169534896
761111124
482275492
35222726
255357060
259319734
773789160
62507523
1673754914
110696739
118181209
2307364955
426551907
1376737154
592668413
886814310
1255629012
588300540
1320100958
260762770
299509125
174594280
565481766
330218152
117971686
1868107796
1254251215
337057603
303852177
2193772430
399485236
162004083
278563208
68612522
1290582194
753559249
53666230
76350900
35507896
355336798
1595291168
837281034
324333191
25260884
735241885
2192888511
301496774
350369425
33165972
395157893
37161598
331589972
216274180
1618123825
743136164
137245464
132818376
16596051
214349079
1088846706
106466904
253689762
312642913
2156082562
406227442
824956202
234266752
16235388
56086187
334730914
195401571
741188352
216648670
81528901
367035170
258796559
568889557
1283727745
51769213
244008554
380817425
304238092
561234697
48299741
51077309
127452333
328037728
393936366
145250106
1466728453
503447205
249975588
404283647
581701498
52414540
145584612
899836938
342704943
523709411
329542679
241833739
116717897
329046230
267309194
305396244
217003587
346495729
432698634
398555997
279674981
2148057833
33217580
945552588
1725527347
592010461
271974641
1258087710
362362102
289413512
436763241
267143509
1267329362
1897698307
1162995721
570119574
39540472
884404069
401965760
2197687785
324287547
33517282
85617880
33235374
36942708
295656713
750937184
290893583
2304470780
600054073
50963320
1162867759
164973084
489264310
220359556
567346140
237730476
128128635
93212049
333276899
430115235
215391857
200080563
93217274
365500916
927855031
789828236
179492871
440184478
50647170
289924074
226853831
241432142
386083021
606216630
409843342
112666041
210740297
432817590
331591644
543468249
2314464243
431448063
612700261
385235773
515209190
208120588
118502046
315827597
1365431186
501154145
52331673
1695983365
158651998
312488398
1229371440
232876459
70676137
860792167
39936022
261603172
188320574
1347103194
108936534
1910199566
87923300
1372961076
546674446
705079820
338651657
16628119
27002652
324023019
529601909
62489880
288155558
1322018136
532151799
597384306
279496539
16692406
183149527
310819573
872643230
82736801
77923416
610244442
32348065
278039769
612425920
2254849104
301849077
241435382
52975590
89649905
89694706
756832584
252476873
330843877
66970684
347538808
91114824
291787901
245849084
226096216
1524360517
451649380
205423087
67630695
732460946
575480545
285613196
751176414
150271385
35730226
206075578
1307946788
1175758122
501592889
462877884
271338597
2246610965
168681647
247804264
440353790
346464967
232224173
247222768
454921606
259908459
96984426
280451932
533127345
531048701
221695571
358131117
374008310
1972690159
35871900
978648258
1258628384
356192410
454753149
150680852
256479605
871404902
325470728
55154118
389692698
226961658
20744693
118659876
1407144391
1499073427
39471612
500691260
65389130
336684871
450503417
505058166
516452364
396364161
610710287
50556033
180030305
1319693364
151178914
432592440
123074123
2504886582
353547021
366026237
293512563
517904695
353756453
226780801
112970241
88040483
163892568
255891298
251512005
286570585
303952708
30400734
439144006
469160741
86494768
283990395
422792892
365336682
76311693
193605958
290006352
368783712
87891665
574325350
79164076
499842253
36311310
163141416
246480528
310706126
413238716
133707321
352483016
59474792
1831072470
531086334
501477413
500905336
197833678
1036767710
812800878
321201459
754812036
299174931
882362197
430137092
1323268340
533214382
24671775
1275265807
39486134
189102568
537153113
413849388
299744507
1238281615
473978959
363754258
333910587
386418954
135493145
123803976
980518933
240259116
126301548
46350205
54968891
280252417
261086702
182400866
130910677
562212660
763396862
334288244
385274215
329558060
85157039
68431321
2237509333
187514442
170408327
322113764
261124659
218414974
412279103
333298150
1196715650
256013910
336875626
35193838
363611848
486551095
478640550
224295157
227232402
270466620
1311687020
36309489
1500960630
213655443
469086887
84357328
2182383448
786388694
525165974
267014984
203219517
588942123
171498070
1125242712
169036422
517789030
421867966
1585540411
34307308
50263373
622701935
54564760
257621862
1114531232
287938240
295532068
68926104
34858141
39940070
237175526
2242297716
273490287
442773973
19014151
550727353
1230532362
308879466
324880128
167303782
1537227895
388154121
330880727
419442568
1342205672
14144507
267133442
367166287
236361486
1853229067
476622783
330887915
89208492
1734456115
85897289
242928744
221700105
47397358
389936848
1524014124
15262782
465388676
47351493
268400845
63651393
116398809
116813351
453840484
620809615
940649978
467359667
37612910
197131236
373222661
117678725
390707222
128244914
22548594
395379641
1489877959
553767051
461216738
359960222
252560600
760894598
184711267
402054864
421845638
908231786
1845087242
123838770
34872626
39792816
398543212
915116959
118675450
1086224185
1341201396
263088102
148316530
39476925
475137588
85152912
601222544
38213627
440069938
773013812
47567013
267165645
411503149
905557489
21847797
112781382
161600174
403985692
237278846
46618378
1697120118
871219350
222466988
1249072446
217710561
1917269431
294992961
129137822
278994237
466411325
456476676
247335599
627144741
122389002
371194539
115351360
1022260178
347107489
278536061
877227756
241458221
213599939
85352653
859701061
355644806
41550507
2422302321
498742623
52680063
37049466
1541114612
610839320
20037658
557551575
238107448
529245514
516683387
105726292
532141869
205236372
295725660
1530325933
388278059
224549236
268406459
155535838
293043937
1076088830
1512006746
325097067
30190925
396536216
200135441
23044390
806066742
156948496
580807508
229995466
613382410
352090095
2229960125
442074595
327858255
82366893
124391302
81774385
449745140
884742392
47307073
48364721
65664818
1706312366
204387238
32200735
257399703
1329917551
84528073
29703098
579375471
117741013
411489822
833620076
30185524
594042151
402290502
236775968
67259576
1536951200
94356137
87224408
1889917694
328361696
106379935
398242076
137800753
123211852
75210976
117688038
1709321486
254132934
348386770
222448652
318956784
1015069597
1248043194
80524379
556135478
251717089
1147872920
79104959
142369693
338809602
2280010438
715605014
1019973913
414255078
96146279
21749530
235596773
11657612
266369914
56409085
355992664
531108100
413463207
518332092
558527535
92725510
60898523
476529615
130946381
1832807581
189825651
1477550269
328312557
332465279
816839340
325611913
234298251
453309805
303805038
105256783
819481122
114421813
429646213
148625280
451770529
117673955
151012889
237171810
375699716
1440722654
309847456
96579847
177582460
195683005
84576865
318685231
416183697
32858718
587673330
273984418
34893863
374992963
130715745
376069175
617336533
823295612
504380957
252933493
381403055
1731567152
901416630
568261142
463870723
567526505
513981476
35995013
320629246
706615256
302462629
439850891
270974243
191447627
35748481
202547517
190709365
521155272
348403173
340496674
170571510
38926765
57256037
708106413
1680386310
61723808
317639548
21081611
465386310
1302775322
635337267
475918620
1057667185
180332117
1002678632
155196899
222404811
347158578
967809824
2340496417
75988884
603711702
1136218285
455650509
2177387381
566153209
183990528
535535167
124440743
493846268
270991074
403289945
29043198
433700883
82043571
311485682
91192447
1893274436
1668719593
58522152
287781264
249139074
191337371
35838495
325019146
409086512
45831956
199191244
288142477
595414128
190660526
144845398
183588284
33920598
387090905
180368023
1587428653
411049523
563219727
627631571
376314196
214408503
80052890
713970546
104838622
711381874
1915036495
114529630
406406236
1924297002
114406587
159413961
272576290
267278228
56635748
259186489
44569342
283928273
2204669800
265758093
303874841
1579194428
1127372804
371675868
765858776
73366708
313535542
160869408
373831031
100472813
600192776
109900968
301311066
93170315
207997827
262553968
301448581
424823863
185731796
361192684
227975836
1022493361
39494081
111362706
213688969
387051672
771123193
1564269368
1590421681
45408995
304970962
261109857
2336546403
785154079
479228333
248749472
613845560
630891781
185971826
1513465320
1570936080
23933985
590010746
270263051
83170594
951306348
316949753
322772408
319072942
615964673
114163471
437029845
536372894
120982880
559411745
296447115
248700049
103782034
36019628
59533564
776242178
2238022286
215952113
150385191
710731850
889611787
469657049
447799285
300218963
384248413
104843808
343229109
132639442
1135191750
288338560
307827034
360216070
281019567
609791165
245102374
38326933
584575750
475666004
261734037
275484868
255633500
927108314
369395100
48361457
159820864
596312093
586375164
567132381
216648617
553398995
617191857
74407455
991572775
291811274
320703061
338410247
1119988669
576450347
32448097
402031954
387558592
382570202
147467368
167319749
289808201
1934122772
473758971
289445661
125974430
469468021
1976037474
187899906
507738582
168617571
270367857
87928511
239363249
224959663
342238857
75134854
201632505
598648029
264168731
45576454
110125686
506257275
521775388
62783
229807322
345226687
616843837
199185577
239735114
58408217
719086465
78277731
75016074
701526630
460263789
375596717
419959927
1453202725
404670841
354412337
41296484
70363846
1897402386
716130177
479222363
217051355
534077954
46911621
282555067
45543258
141150393
211422230
603478219
548237581
246205410
162094666
992715614
482269480
399055829
271570967
1614730400
213680547
287647814
216825364
97852104
327951752
1575349124
247215497
14873013
71918335
349575686
438401602
25655612
356857947
244010049
224722224
368760220
253970318
471889459
2209282503
208922644
91422603
393974831
1346476507
40505216
837577970
327875487
1192851894
92942594
283689789
978020263
412853655
1383893220
2299471549
612781935
139723249
111295151
1160865007
126287538
1594913233
245009399
1632500617
400916091
1162821397
448713083
35725979
159090096
58993258
534066260
1058208458
954206611
191413869
293865776
254181599
395773064
2304889734
214956902
352218119
2507602470
763546652
274441324
85049428
211113012
259239177
80800078
395435203
283396596
66292514
408350746
1052207550
391256227
377835384
396520310
347955767
630909973
332210959
40819260
1343738413
91074991
18567445
361775343
319692738
75291510
181289232
1921328286
373877133
311388667
169067128
150144219
195712399
94275609
274428698
410528586
444450935
59760119
257128892
98706114
298493140
957576246
475643051
115341378
237313611
439748388
340400173
134355695
331076246
76612390
487747353
327876095
712501088
970448144
177073038
289817358
407694768
115086941
220818734
65585866
181953358
243594886
127471520
22745892
335217297
395415742
1589200195
35193720
73598339
23733561
514558097
597426335
321367048
99068774
583626077
585863716
875893621
319504509
535532754
327858958
437452845
429806554
727905410
264833908
428222789
35748833
320719128
262129873
327363364
35445596
611643902
367655916
589929531
1366891662
598268028
420286564
421053265
485426527
328925919
1293823555
323222676
31154562
64122234
1364457704
16439052
384831541
115617632
362616135
599008258
298109130
39028273
442067340
257448341
586079232
355639312
383676488
24713934
97443321
87724920
36408335
1397179842
352055720
262563833
164279306
280915823
299758030
517329197
378684628
190975444
367121614
153054951
954207788
94097458
206579821
317635890
551618923
100758317
749083837
580993998
195689983
284887377
578891952
342945784
1376383495
1085834935
20763247
270866891
557766561
84058745
361793184
613740017
95150771
173212019
337997162
113267330
115353164
66637034
140798502
123901133
420342165
389983883
175151374
84294545
252560043
489767880
532285012
50250310
323730067
274493661
1474001496
515383808
50621162
381394339
260692052
93068310
240665905
126630821
588221381
949791200
264668260
494999418
1184599531
310112569
424802045
38163388
218244188
78669483
2252090464
113634629
64405169
841485607
55783707
588935948
43066805
357016378
338242024
343958306
1686644437
164743232
241624968
627782347
252430029
404228499
2258545484
268391600
317227892
317175644
776235954
16928331
162147617
65367901
821478883
606249727
79110113
521536496
446512884
1227344018
218769912
267058862
161673206
241180776
2410473324
82063286
332979592
461985687
77740495
286307341
148684323
929044988
254026249
134684403
254458013
1666139257
1288729934
254112228
236467799
16157569
266396679
118541982
18765787
134923595
16613962
217796703
279728014
2405221587
569480614
2304626503
276161709
35701645
1907897023
23092973
411554018
219634652
453137738
221138658
25475440
267072529
67857807
264754451
132636540
127025257
491000544
35777413
378387263
209147936
528067146
707943160
500632463
452767162
560998224
240629565
60087525
74654781
372778051
544298098
1701175645
367493285
371152274
823846447
44063253
108966241
913971277
54460034
840481994
202095594
1083025279
1379022600
860336364
491915042
236814235
408600832
183577634
359323933
548232165
2171859922
1280185813
325556813
299543755
77194326
1649900677
855973777
1875321182
1509947592
65657688
47633660
151894644
518879092
415108550
322792478
17338663
352326853
595450152
481093419
355611635
265965755
220053743
521707983
1238232313
709039242
42596565
97290994
26745145
310025160
34893501
260777817
722234424
1686718231
60701663
481363109
48868131
268669086
209501850
263261767
182860024
528297197
246861299
490179196
475748402
971598210
295649013
482708180
1071254640
433956187
44582007
405699344
616021090
226220742
749613806
95909161
1510154304
729095174
584521513
39987142
527670334
326015583
32816662
169391799
847349071
1283695903
476515422
1043132341
213566103
174401988
1411239056
37921242
984531104
434778849
808499490
125263698
269188735
526241018
308646978
986868025
1894493300
383892140
485462197
214403753
1202010384
132442580
1260167168
449670046
42610379
1511511144
255554839
1031966503
796084316
222417825
335794997
843334879
242598646
2278944624
517258899
444504934
1541005681
474749122
18122572
710605121
317784656
1289586204
1159417040
180800059
212587915
35176033
493044967
20993788
511664627
38936344
1710806293
449564764
303878489
257385496
754688330
625746980
819176864
482916930
88853677
36003431
128462229
1426119516
404912007
276587121
403568725
190218630
28537214
201225656
38224201
95644427
485073374
1125102032
1376197728
327283934
397385338
218791709
365321298
932055488
246119411
323864416
66959967
33581035
363795903
627181566
422442348
131384127
225471555
17860783
847180442
33877947
485481599
286018105
124228928
879896162
15122357
806759059
72842651
87143463
1277070498
130831676
423473368
321855269
178251785
27184302
85671274
392191443
773752812
321880848
249085312
60566038
179925106
440716048
250580392
1897324152
97195406
216644904
316005239
632773593
612602247
91340159
67019781
432317870
531236488
295838792
717820089
36449608
260710609
308009314
845043895
1438086656
1444201538
269737256
254898814
338937284
108312043
2338042231
92018317
241546583
553765402
1734629678
2338142106
2356567336
369484805
404925254
87767136
837167209
39461661
311993439
217440712
108603786
48407873
373385420
552813592
182843022
563508284
149116350
30657728
14264358
462689400
808999470
240314792
1071189108
252951350
263077486
319095445
110668690
42857158
236315642
77439742
471929146
291590308
499751104
349706408
623807950
427248255
71834696
35177842
186489599
616154684
498052727
120505327
1320121736
268148849
559281046
21068483
52325452
93479790
40208296
321834028
42634113
301413349
110376546
357659890
96322518
288623244
39446076
104858828
612570896
47320475
408273364
402298910
202112767
148836620
462089691
1910950716
104417148
270254929
527198170
389481778
623852190
591718209
313808869
202983129
439839822
1922453947
83766207
134529652
269334959
246335868
239467346
315069405
620914847
537931040
159034032
532177990
211553898
498614362
444681707
331479277
125986809
459309936
34365725
90897536
201232841
998656050
158330807
339625187
64419804
356862107
269397374
610544990
546604055
318934820
502758964
927319556
105329066
106419972
68380387
38843029
286284078
931287086
44562847
627396440
61471391
353590120
2231496127
1316455009
293500149
252708087
84779370
475666688
1230633133
315318275
614096506
171899826
88617174
327270291
230866865
114961069
34881849
490451082
346090576
184823979
171205956
789351523
502680939
387553889
204913950
192859203
55215681
2262557693
190918386
270874443
35945104
152276615
68756490
47565007
329043489
62901026
300162159
262510830
188642780
1193917046
317239200
1027829352
273087135
358147966
104157751
435715480
37879392
89115279
238558113
252574948
431647684
267054363
2367001731
116723866
597639815
287131873
206779797
732683773
1017896316
242841316
280897774
1719869000
428082723
299003051
544807790
268326035
65648397
981459362
1226884405
926946372
847977049
130812452
211773077
498084493
78242510
257466915
34212269
315226101
380225279
717038333
531502814
330934525
95037268
244062672
180328906
131762259
1358787854
67304559
198829140
392914210
80796266
247730056
184780611
431334505
294664670
622770366
558595913
333206479
426479602
73649044
112669068
549060143
623747101
1200942908
69825275
116504438
542483425
22123892
360143508
524532250
574321190
2501686884
89940972
504525634
323227826
305016991
262590285
239360727
1133227668
1466704428
518492537
552598912
48263163
75789126
303870575
47308954
124214572
280527106
583577633
612557824
179981608
1301495264
57129567
355656929
97412186
1248696007
470847399
261196110
371153028
322598358
164664855
163107519
348385082
359940623
47042265
109895100
323193059
295738606
738674208
1656768661
426711418
304323781
178987505
100200670
527210797
493535474
105844839
327270549
245696288
614081957
1147477904
127507294
613259033
878490570
298720636
260184896
335815620
514576902
565396635
573925286
284961446
329732736
801039486
945465457
345018054
968144869
257485959
43318447
55180538
68416739
1588300026
1420435513
440265430
361126018
49579578
38128863
636791395
558676021
198784882
210200242
213547644
344706841
273910041
59093219
174418044
1318930358
295881291
17778020
338260085
15102228
36019949
336498038
602430696
245905808
1573777956
212161323
22749955
326786496
202845350
1133679690
1142659610
1834456464
207484601
47915362
94105074
114133434
184883723
427280222
364197896
594452686
121021969
197147844
320378140
2410318653
379913199
39976799
1078468561
277994078
1205946758
451242576
312974628
37917802
46100276
295711992
393517293
920833513
196620490
366497024
15270118
1088585803
459132738
429863704
2275907238
211474106
168965711
256933325
249217097
398664059
778393285
262680524
1153323979
158317767
446917200
297354419
56138398
44564318
76872874
529172897
81160489
327824761
598561837
497807648
87941373
574242008
1372495704
306740853
283480089
251578514
167384996
384319939
203066065
281354821
113020531
326218528
705001959
1585714034
631374000
270873302
42448657
297778078
523037583
228060422
369458395
163550980
43515595
324299218
603471851
134081237
630162382
548164274
548207176
25255852
1138071463
454578256
329740021
491041144
43327977
216689206
317708375
609635577
322035042
34876302
899794844
88853199
67557855
599963245
46593489
79143526
108214484
974890717
267178059
745008829
301682193
257832247
78594433
138809522
340952974
1556835722
449530916
435695955
1159119152
37906771
246858183
292154865
471230183
473108477
320569913
734472182
237301517
46138722
1512585612
49768272
205773369
34867160
472704994
356144260
145546891
325745714
143740343
313151974
303715651
85414725
269214671
1897395554
189536837
94277395
249047284
199274018
518431607
51737460
736864465
1883585582
228752592
1297941871
1528116588
2186972643
579688139
1555997401
33503789
42390625
218521979
323947108
506956991
1013504695
269138278
40654041
587655557
824785446
36387384
330951469
410787417
597481659
360523611
1457046019
591970548
1912908860
983230530
756841940
241822365
206533380
56036190
174579450
76569672
769632398
2415705656
582490115
206658676
215297903
399294424
1041636913
819138848
947506332
388457671
592830643
870298230
485854720
269488627
380495277
241430251
307745773
531588394
456880071
1182594038
353066644
411544669
183907704
32285008
42267914
119727008
947220536
1540857763
255877099
299591269
312534194
861372936
14226578
48673684
405379598
84345689
222394035
373880435
604336574
127498132
1385292812
1009097048
27203645
243271686
466485669
891446509
1194377545
253973940
612565077
358114321
2278631881
1283600112
373239413
81559509
1248238140
633014514
485826876
484819459
314074021
999471644
249538275
984046782
93979115
280953971
485440860
261670470
163404575
496658196
1142426935
289786017
76091389
393375190
115604280
179576777
81575335
942934332
317154780
40875077
168698954
436064646
68361202
351741878
34915677
601941618
327945058
1446276012
428900933
242363357
513068659
74574381
428957817
623981037
1326855258
1922790187
616013760
303113053
91596106
52086038
601742329
239910081
597340301
710451194
115625155
186387236
434357527
480582595
260011616
78575010
258877691
547768676
87281106
809383814
390711561
361324101
883779871
251038667
99573782
598378419
90837612
248523203
50960108
1660559178
65866125
352922695
2444606333
31391744
585001106
495345464
217043612
286218787
274473659
220240377
214810419
2268221561
205286235
333265707
394540749
31356490
240604557
78564719
505834005
257203261
56734443
975543937
402100222
127483537
845456960
484558176
156925853
96149543
751945813
1181041987
374572779
544347872
243501251
1032374786
547137755
275435810
126571492
305505827
389442048
460894891
211833695
1479143514
85818953
1503455906
1660915808
365325711
270263100
443550600
214413631
44087542
106475661
186497963
27620077
1893875210
2162444562
620057003
356004039
104558031
392743715
107330030
611690201
2155576749
184384706
616014083
19178978
621921500
543630225
2368501531
231379804
2451836475
1850553355
255373492
34867054
1396702128
561855764
34880887
515632086
192223390
33536356
326702786
557871724
871448330
294053411
207666747
456446921
106999456
1399400335
365254031
177498956
97862254
262806818
516554312
44099190
447823769
1464258943
464454100
2431476454
347076309
15671288
354498097
373952951
80669997
119651110
337322187
71145168
130199163
94588213
469116489
572297777
417787434
182563258
1450736436
518874070
167394558
382224585
2365716559
36327311
34959808
60472682
316341454
246916149
314560434
16435650
279591900
589946765
202981127
81835451
234846331
406885197
1907430541
260321649
113865482
298488725
209079746
286007692
213591270
220294136
291129619
71278108
1064243702
539104851
427501633
59106703
375568762
49573547
151904818
197189646
267098569
778815042
116378798
202097764
382066382
101748344
525540360
304327353
202178597
40200547
154476196
104727373
377346055
271399782
388762442
40827761
426506725
222472512
432295362
61157535
297092626
132486222
1438714448
83615396
248188590
481915464
47876295
615291932
1183823328
239390453
137334715
158801281
197430682
185233455
180735795
756637886
342656635
630427625
1178057072
841695733
64776301
233704143
382837759
250995040
46887885
1657225178
193272907
287120442
80798556
134769057
715784490
78354489
123003382
369772151
826497828
903585744
330977280
730291092
296392902
327986536
298961488
310788689
432558599
41807171
32167773
402106991
1490473885
176330526
291231614
267640185
492388071
84833888
138792347
114700867
86464680
223412932
594628864
99957010
164217595
412267771
385990681
312202745
588383609
562231214
334120845
543526350
162287593
15027702
21123464
126342756
77987531
366460829
172247873
2383595791
264058917
567118694
122621075
2159193368
39243553
539528844
160508588
171865605
209566653
579916934
714348746
251580306
405581472
299003526
560141930
247813627
309647482
394172980
480321085
384337299
171826102
514277060
481880028
394668760
57046452
588873925
908889499
377513544
250035038
373222391
40851859
360864893
2335514046
198140602
326653474
2209873195
455733467
1264811462
128276530
339554442
538427618
36023541
251610500
35709867
112861101
365425419
589252049
54546132
267318011
377253491
31370682
964051062
430440332
47875217
104547812
1515997686
249469287
223396509
194983822
65355103
126903047
90394304
1269269917
365914458
2371636795
257880535
507377124
212236378
173466209
537209811
501543377
256401588
428363564
314679320
188659335
599079828
64792133
599235078
414704100
110112637
498037695
534546544
35775109
442660264
459187833
345565977
544429593
609886193
309600270
284499958
544313830
155849887
183163790
35227070
843907351
391773570
320368798
36597518
312179552
327337770
199702617
22836984
289236823
450630994
1203343626
55486843
18160517
211133801
28537742
235924697
165315856
26245662
280267858
80018836
123219246
99478368
198407959
580217724
8814482
161835671
323968456
496113684
35501613
334512903
389291194
400286732
280955834
33812449
306723317
210796493
610894477
1113886309
492397550
85074538
34885153
2174711343
817626972
14082726
123506147
199656453
1374669008
379180552
510294807
583828730
317246608
1203006008
290394366
1612349294
609127815
133208847
105821398
349893424
1238286769
1575510517
267265905
36331480
201287355
375187355
610629747
439981066
255413237
1044304616
107823839
1605054654
374580177
1077343435
285727251
74155792
105415826
283424219
486041578
334062888
1210556107
548413948
459009497
273521734
577177923
504191889
844894478
233421960
12459452
358310558
356111925
199319559
463656809
2165310615
2195964791
451295344
226602708
353054341
348586269
492944708
16779598
1017224622
531173597
148302494
158396154
73382774
702766452
233476827
429634702
223735606
832904438
821473122
1654823478
1479432908
1057746150
42831660
90420076
53644338
1415212387
229874034
33959634
347298967
270822540
218392670
318011643
368365890
89191376
825262633
115384878
150644458
444514397
371381575
579283357
50467009
85779919
472281709
476020786
451371790
146389571
300717043
947129094
239324696
1650536288
297678982
181909893
973741064
1707215240
536989177
549974678
381392925
297920594
67037077
594503006
575157136
308992939
248319611
341405778
437695114
746091265
378546802
1277427458
368328012
400842642
421397471
398838934
1896626592
2298940599
246135966
158668762
474383786
220242455
2148419729
128656325
312021341
99126072
475696754
236905620
35748128
354171532
160211300
37195227
355297594
2230164875
22174630
120142985
365974083
267354920
385864484
28077941
292478873
232259258
297325052
336470160
34920713
467681467
346156532
49284332
36034631
771326402
76607354
68645180
352365259
225479064
255381329
408981644
116746873
389436637
233980303
1118730211
132978667
30528280
1230296130
215168279
994449828
132825133
214415334
456773272
76285610
259441600
216285157
271367390
256046459
888984536
850713080
318954723
1608589370
484599973
436515999
236010211
486750569
118350911
1562592187
807018596
436736249
2308850492
619258630
1071462780
1222876452
337655125
575504018
45523216
42831428
375709077
348428964
567375467
243966016
191374127
240339366
1008834372
73415379
945603738
357313921
202736021
2405891158
229890805
614169896
835583660
310126619
82803543
609862471
1937176039
1538640728
101688373
93782595
603036485
111124314
446560341
190966330
248733624
94326991
26847960
164285313
282042232
249056781
546639215
267147112
273819868
111843527
1227950484
263675492
709568935
421764711
1522585008
299132907
501934579
1592800441
234429720
715958754
334829561
554381457
155890348
882377299
399418983
248646216
577239511
390217438
342854489
412986390
535607023
522040551
153483089
482066976
277393198
193192241
546805355
2464469597
308378977
145751691
1047338821
442212352
335432135
380895379
269401104
396793517
1341345409
115325083
355722443
317177398
1105990070
139961776
15277266
827344826
304579256
55009338
265233030
161396969
325020688
48979635
55534732
1655860170
163133320
244141411
284983546
1624952486
1152054218
499520084
773665034
98148572
613334907
361273142
344606065
376801772
83335825
59378325
234268286
532277480
38421346
896892048
32962897
39490533
252277377
117356999
34614938
326882132
154096729
29657394
47362985
491485185
200549399
92252326
20990372
413766203
52712327
2359509266
92479625
1914191888
2303217066
292313408
427881959
1857090475
233949284
133182560
38454678
114780140
233838390
216384512
287793225
762260454
587539644
937587630
26003391
217730385
630519257
35718511
430403351
460987813
45806107
2364842224
37862186
446918271
1655780828
619739966
297865147
353223477
599389363
246747751
278512487
346567402
761123532
219253792
292271842
318310927
1663472114
527185384
1089893065
57924597
309574588
30533110
85334299
361795402
249211409
867782892
353687956
43672734
509142296
1381224025
214792582
240767482
96127315
44895601
456585562
630969634
385178324
35180659
580569859
271809076
427156126
267268196
123895951
1320109154
90604843
700319828
257405896
92945146
163809005
389351479
168519532
28542157
444427869
211109053
328031993
434343756
433386507
243798031
1882914398
399887874
2150282527
28143965
111114959
624370790
194011041
137593627
32852189
490214843
1250017088
50362224
387028852
243547864
153169055
169096327
1910277343
22480985
36741766
105058502
86973622
377298306
433113321
316535561
125319065
635502905
122380244
30835049
192570169
528715496
251225910
229035915
31057157
37171825
105077253
260726576
60862957
614527509
48712894
633746477
198792877
1267961377
337545022
87947060
151352135
45517949
396761017
92508756
223398818
974677994
475807242
47309700
634654807
129809102
512071140
1307185152
491255746
117559125
857998567
582669517
819278406
773982090
276179602
285717821
815915155
414720053
583666321
43873987
2331873399
2194877132
705239712
1647589544
591862653
2320628901
1487425214
75495571
1299253530
276664543
1382710352
628313992
268106461
1090038649
616558560
2214005173
49762962
15504724
485868950
411360519
88169321
520059234
249155429
430513052
435565053
276423157
61199655
806615564
1164999434
1174170307
91784598
51698402
250972076
1264089428
153053475
1119274382
89720654
1369129442
56958516
347135666
767190336
323919646
1130366850
435659874
388134601
481246775
137463274
188231165
452239155
281662204
356133351
487597953
1189091736
1017942086
372908608
176346017
262068246
233845383
221884401
200544800
364942897
476900577
39863567
778225580
538305969
402791648
62597556
109159585
380338977
870088069
524184119
140811210
138373850
369335397
707630930
555895460
459135866
290663527
71280497
289180961
43085729
143883753
400912586
527892826
2172117912
259180495
326653637
350294664
462775785
54570710
520297325
62742839
146518779
36609640
296795695
632201267
217093661
1553394056
76287000
87609624
397311561
326709554
484858569
303695917
427596685
169604277
460908457
246714586
72823714
393431458
112409219
410656167
417954050
113359997
559774807
353715123
17151426
292294042
64690523
819278906
636874305
44132576
226621747
1199746123
412196125
336477473
531004378
538334395
326306121
469130825
2195354718
42588790
719545686
167371637
282018355
113700671
257386663
629569441
94524719
217801478
76351493
57297688
89698868
254064227
425728585
2181674492
856896727
90826733
1451988960
268396289
50282405
464999217
128568724
257910243
255409378
45333057
1256498618
1347522200
118480037
291819177
90679080
278971869
586264586
1714744844
249687757
292281523
2346440537
1386579710
262265615
955038805
275581475
307960709
480393792
554707938
238102592
1043125363
406894456
580680942
76981016
326036841
116675039
58144452
137311679
255979194
28972513
296367908
533325190
132111843
1412590848
513343533
278432414
1389745286
244906626
462694970
461172816
544997313
72543660
133605013
312080339
436830270
109912842
230160371
1354896331
726768060
106105958
359938942
85886928
318279420
148306551
600927703
211458116
71204393
1652559236
590115034
326050142
344800517
321345920
82092793
83628104
77173742
113834565
41304255
78626980
374426069
547056660
1366409898
497865414
558629004
2164633526
296291808
574518299
500112970
483714737
111068344
584070710
591770996
35800546
100947322
68414905
456699885
104730715
181945397
83088406
634810812
50596216
1035375464
80279670
345574482
39454395
520601584
301526153
138391118
390629762
190609881
510285169
43659157
808373971
219657223
471180107
848541482
571796419
324343049
35736670
1695863336
112249102
313163639
469984255
204772474
1614760040
152316748
413970049
500479712
58153612
46865561
2183818786
108557862
2223712364
372199390
553855350
228932923
62878223
225831499
989256062
291178993
336994489
422043000
819186349
339594428
17071502
139129323
350788383
359944658
356754681
281054953
381451213
284667542
487306858
271877017
911049476
84020065
317010681
36949391
313252132
255531478
350140763
863476159
211333315
81811976
504194936
109932676
436708211
1854107148
432353698
1329936810
292302860
2207745859
122640237
331476659
235083588
237642167
39504126
378019369
269157590
96712072
900297253
569126968
819303222
242249951
609137214
70913652
957246198
273879255
259689477
474062243
560901205
1148947675
62657811
334470586
2320419344
749638681
330893012
265890359
129753070
582229306
625422307
2186577848
262541974
295512839
374098174
348981847
48716932
282459451
256025287
99221895
441776284
831226543
38860530
43140282
281120548
1396202198
474820385
38179399
593896481
159486707
75753696
1168636868
380824128
604207060
127054773
268425172
217384669
296811661
703662913
27614513
573519542
125704212
263200833
108565892
374966431
818873239
136672136
555138559
565314175
1944447211
423879024
971478662
124149478
585575041
1922554622
118702727
102026750
435639313
110982245
468461211
446534178
1867832683
1885881386
134820968
1258858105
394866561
35723406
498736850
533153363
135081308
110955476
104810110
78870142
94571980
380920400
161572671
1307016554
390353980
143832360
736262814
495184694
226342604
219237015
635329903
29402420
795892159
1977857431
445291128
598362024
407624234
246712237
594728119
38141375
259446897
126915280
41806146
33533201
602938534
372779033
1900205628
440043277
231764929
589082541
394932565
403955619
567924492
253919255
280476506
62234087
312093422
473932353
119645473
169829113
135382085
535527063
238903794
1415298290
1046871972
306135721
473665916
508797206
289289265
89166290
31860332
406844892
193250794
457716464
117097362
232127945
130396547
1356842274
474645925
53619275
353760217
1736574542
33836399
333896000
101974175
64150157
419427239
280141840
511767500
41073651
178058656
186011059
222842411
35677033
33826481
1099703143
782788466
474928418
589772681
210532491
1026764222
462269104
87130577
816921241
116400854
1067409607
483184308
325732420
769250384
87724195
421017200
49935980
2351947791
1522199084
262132108
364933687
29944842
2473710699
1619839112
601859332
475753035
166533194
98660119
1310480462
601934750
101758631
37616386
767222846
1715184362
298754369
414636432
454729143
1911177066
1901147060
622792899
285734089
132506501
1197402678
1536080528
277983886
787070000
290114784
61185420
278072347
178718836
43083823
294209364
358980516
76317635
2311897902
297437199
50264448
272329357
999195188
91339699
988921273
344184562
297406699
1897941745
200399989
25492273
347103540
594003890
21385175
208448395
468708828
613321054
222153035
467197269
2347326000
66104564
849226765
28312909
244006871
583811731
715803162
817121749
476032672
324273748
295654464
1014323006
592702720
104465988
80022023
64666976
440924465
287757475
359875907
276047129
53360959
59531526
133307682
269731297
105475386
241221507
374718697
314808993
736408939
586344196
255490196
1005629664
194093977
247240318
362368359
249118892
91549602
370597054
1108651952
467641326
275633452
2325357440
29201596
2319785476
183549929
287795275
591728253
749285058
275436196
562038430
457499488
791080621
1244457559
1673178282
58861277
94526067
125272196
197683423
361057608
105696204
222389924
396505148
238979016
406948201
282453445
68372289
493901519
74104427
1641133278
142590728
100174898
73880824
508659995
550061958
496279616
239887992
355479146
30062351
806624143
522395606
286089789
544239807
270755645
1377852956
364027069
443507417
1317267764
110964531
2336395520
253893775
221671763
1056688236
270801212
593927872
313325631
174948620
38629213
313142023
407022508
107054987
420969147
171000642
221015524
333344312
707591932
37631289
193029089
34211241
249821327
353627208
1492308740
378651493
52317866
352306867
308428115
111238082
324363823
1704543702
484758082
15620617
371208367
138036190
318947176
374599744
310173076
1407520903
248763744
612026319
205765086
594097237
93614218
210601495
362934247
171599151
281633063
281908540
358699001
284380857
544204482
242712200
598150460
456410347
267077274
195683928
292771078
489308597
69216667
212544739
