170046276
133608262
354726729
596521803
164803406
37925715
214152025
60965929
469939037
514558097
138037395
227652473
216314749
261731200
875344770
64402314
943436684
575157136
518599569
48673684
1188797934
1659581252
296268699
181111665
190231456
563027440
72823714
1238217637
430683050
945861554
1901147060
127054773
371274680
314520509
26194882
241125537
291091401
5845962
349189069
919417812
34921977
991540188
45888483
66368488
355611635
346175643
2156803061
414659580
251507712
119354370
219657223
363279370
1850553355
207467533
1904292878
322548752
222475281
245707801
276870173
131085344
23933985
87143463
1378694186
70367423
401880126
496033291
135771208
281130059
74134611
1303196761
1326855258
300987484
69907557
134820968
229094505
35206251
1076540526
185971826
936195187
1262367860
877900921
325629050
249279616
213202049
150278519
1006515332
169096327
473707656
295908490
288142477
262190222
314061967
1091613842
298136724
1946399893
436515999
101725349
74771228
552449191
229520558
433233437
54473906
326939828
16692406
114406587
214430582
135509191
213595336
83309773
386381010
1409529044
105821398
856896727
280933592
94778587
348239068
1641133278
598455525
235047121
1440756968
1510913258
76920043
2186654957
153531638
295711992
66303227
786183426
835859725
159823120
192492819
150680852
340866325
49952024
143406363
365327238
74724658
418985271
37631289
292369723
63059260
1467495745
348042564
31700296
632010059
789285090
1500656976
559363417
624833885
622179680
270873954
53654883
856634726
330282343
94057832
224654226
32847216
36910451
591770996
373831031
214496148
494024059
625587585
2156082562
145175942
1657225178
499529106
1977857431
73397146
132822434
92255652
28063145
842413484
346633653
1917269431
481899960
2253141434
260650427
147523829
154023361
947828162
496055747
39531974
22754762
572896715
22492620
555234771
73676247
283424219
1655780828
1183823328
35698147
527185384
208942571
220607980
340178416
39504126
2181674492
389985790
40482312
44119563
158348816
732509713
300660248
34911769
274445862
396178985
263599659
35501613
62109230
315110961
132458197
245544501
133707321
324515387
242267709
222443072
1317864091
27833927
39466568
267073098
1313519180
323106381
115127887
585522787
1371551316
236467799
167360088
16266841
110671450
373962332
134231647
110376546
557397603
273430118
619165288
264051759
487306858
607532652
276837999
1150432880
192853617
141178484
439268985
20756090
245642878
31274623
188659335
2383558286
2336546403
306656923
84326048
42710693
362919591
362591922
16529075
469284532
573519542
169391799
35436216
878490570
1060878020
84817608
976139978
202628728
49919701
2286237398
115652315
500479712
484685537
292271842
868136676
525383399
214906601
35731181
535607023
294532849
5486322
297907955
469579515
114767617
18231070
480917252
49297157
268351240
309180169
417707787
742536973
2222765838
30062351
16463639
282244895
340834080
220673827
296367908
326022952
895596338
83146550
15785609
233256763
209532737
297973570
387594051
234665796
228276038
1223866184
303675211
1532311375
71245454
2297345878
2149463895
1545221976
403289945
1615574875
881801053
377042784
182400866
103855976
1429813098
272316267
212580205
198784882
277952373
1857861494
1582118780
491206525
541669246
165754751
1915008901
56309640
589772681
105062039
429148482
194983822
159135637
97630106
264320923
2302097309
329529246
61442373
452802465
1467332516
603895718
224180136
430815146
267913543
1531557805
317044660
199374773
2280273846
518436791
749418427
710280325
232589035
34584522
278443983
34879441
45496278
875050968
558479327
451917795
539015143
365934569
2167584747
474691564
399489009
29439987
812365813
321304571
60045313
42032811
80263173
1060124682
68925454
1682782226
1482078230
548452378
1247000611
412432421
326120455
711178285
1676589102
204683314
1579780446
76003390
67548171
231422027
1568852322
723400782
707541074
1093122133
223918168
286570585
1318172766
87767136
354793571
1337210984
863025260
19904623
451295344
1057667185
1899477108
1097480312
471775355
44316797
350107774
297678982
321599623
88651916
287055554
135149710
431732883
434124950
75774105
115325083
363208390
35176334
1647589544
104577201
1290582194
622770366
388118719
218183884
384350415
248625361
382066382
37664982
15218903
1127921887
65485024
364191440
95664357
630469671
29145326
30030068
126859512
1897247786
179500075
375699716
376125707
1202010384
99957010
1162867759
769374493
298367263
808499490
1205946758
250820904
481212715
167459117
517323056
266484020
255932728
41105721
24033597
67909952
1688385858
200620358
60373324
153008464
50248018
496148195
618350992
195672420
94878054
486750569
277625195
35699054
1022048624
189577586
167360888
375568762
176863613
804043136
482851206
44874123
1512585612
38648206
245905808
1007991186
1011857814
90585495
287816093
1896626592
374913441
746731946
551041453
73020488
25835958
604486071
40876476
533445053
1544698302
306082891
335755721
507427284
296401365
116406742
931183064
1159956900
70957531
404954874
205765086
54147552
333298150
47397358
34945519
35699185
98843123
306723317
463649279
1383709184
313244161
1897052677
73972232
304429578
784579087
147110416
78887441
454638102
500513312
487743276
29440556
33503789
212344584
39238196
36387384
464501305
2334374464
535411268
125712966
237189703
301414987
629094995
293059162
66959967
66959971
584727153
65321587
323926644
429636213
375501929
56048255
112409219
212220551
165657227
1536080528
304930584
16431771
471218845
480426654
51002015
283130535
419478186
361118382
144828377
92027573
195738300
376027838
462764737
39992005
73415379
94079438
36584153
241056483
279001833
884095724
774224629
92945146
374426069
66113165
364854017
242072329
358923018
34880273
186563346
292797203
45562644
896136325
515226404
218774313
37862186
1617111506
1420311344
38386487
110181177
385235773
364243728
57621317
467254088
76594003
2248520846
460012376
320715610
252427101
212122476
76888943
221363061
221723510
268712823
16235388
407636458
1246935949
67320720
84294545
227654547
109493141
1286224790
1015069597
324189094
291178993
346504106
186497963
1269906348
130104244
237222838
289808201
178011066
393395135
1900362696
772029386
2388659244
41565136
274414548
76954584
1588393124
240661669
108608482
485932004
564509676
219927597
203013106
41073651
331653914
21511168
1645886466
35306499
406462294
428063754
293452815
1275542545
62507523
41565204
1614527515
111843527
45562912
32783397
445561895
282615644
1883585582
348601391
787070000
163363893
252951606
407944247
422067264
564771914
384777293
628276308
300661845
2320419344
252525666
35699817
1461238890
135085163
125615215
370949232
578125964
263568506
103234683
349060220
16628861
226049151
166935680
1238449284
233421960
988953740
185955522
393988632
21478550
1859665052
1420999837
246135966
305154587
43662505
475643051
1102691504
395984053
163454836
1323089082
251018427
821214397
250494143
39533765
204061894
158317767
767048905
413383885
50707665
373865692
255409378
152681703
462699753
1309981932
60046574
214482160
1415298290
382188790
155532535
299744507
187972864
226475266
582466820
74667642
1887649032
2166603017
391265550
204453200
58408217
15645981
980008225
270974243
32390436
73055526
464436519
216644904
241186012
851328301
323744989
595803440
612842802
228932923
575225150
475872575
159137089
311642678
211795271
106407527
368328012
1598012750
955164877
308428115
1229797952
185122137
485440860
112770397
46447967
612449632
594558306
1262140771
85671274
522040551
473677168
976960885
33144184
382025082
91340159
35995013
358071686
215563657
2266840461
1298972046
222510479
873577874
164871575
82328986
1659420061
401508933
81575335
1884725148
784580012
52346285
1130544559
988921273
76594621
345226687
279887305
383630794
163397070
1244249552
104087002
301233402
1301495264
37404136
124730857
339951090
50937337
878099965
1162493443
35474006
1893875210
348981847
2306915853
516210193
266550806
328547864
48283162
143783173
158121505
252560043
1979170344
419446314
188988971
37174828
124444594
135904814
326060637
1654636081
1295302200
207666747
292503101
63651393
95370820
135170657
531054152
63665420
78855755
484851276
595639886
469057107
315276889
325041757
35176033
271629922
333626980
507919973
157662825
263077486
736595166
76299890
506052211
330514036
257080952
172768894
86032002
17481351
368819851
330284685
1283210898
517258899
740081300
26230425
209501850
254394018
56374555
199736997
81673894
335232680
1259257513
64405169
1256275638
577388215
268746425
2410331838
334479041
76299971
46055111
485441229
268672973
234340053
243547864
95469276
390217438
509525728
925286114
57425638
492388071
27901673
1173634794
206225133
446512884
599637755
95389310
1680902784
632110850
127319812
871448330
344527040
267337485
199180046
553271057
296206099
1162821397
363606801
429768477
2340699947
365379372
255967021
291811274
214810419
421445445
63815496
257832247
250036045
68468562
1289568086
618236559
260685664
273071974
318947176
826949492
413941623
62783
46350205
255877099
99106692
377634697
110706573
507494286
353222544
264931992
254427027
1264893848
447823769
478855073
50282405
403947430
932134824
1166622637
190660526
381403055
273462600
1598341050
257408957
799850431
35700672
87932869
595738568
92782547
439828436
244006871
62767066
491569117
1157316577
197476326
183549929
520601584
511655923
34586613
168968183
1346289656
18333689
877412346
431448063
262094844
535183359
1260167168
526467074
52674563
280117253
64667657
1968291852
475938830
460242963
20037658
1726177285
508641318
313442348
301377220
273432630
214876215
1960788026
47890492
107823839
64176191
715931712
460079173
81870919
1328595020
167884130
864354511
319799378
200544800
498614362
280141840
304985446
728784913
127025257
34291822
70697072
294568051
964051062
319504509
99573782
90640725
206206316
192200843
314679320
33538196
244498583
360038554
1389379742
202096799
103366816
1683013794
715575655
323144390
360661167
44613809
571130034
467681467
465748157
214442016
1889353922
366002379
34881742
1589592271
317145297
49627348
30195926
327824761
86690511
453066976
546586850
854839862
355746029
361775343
857948402
378454259
591970548
34881784
1209745657
206127360
359481608
511688969
68141324
166052117
19775775
355644806
237322534
221659433
1159119152
213664058
1574256956
267600192
447856962
506446148
59425101
2318778707
1420435513
407486809
714326362
265863517
800276833
153338216
140820847
2176205177
382583165
112378239
1205092736
243966016
1117634948
525549958
116689644
1110819210
383795598
233980303
18006420
431735192
94388633
861225374
724451750
63652263
712130984
162808233
1186677164
489308597
290996666
263176643
700465606
324256204
40842658
59785679
1166286926
92029400
512794703
297877984
327270881
1369129442
106349035
442660264
607240692
615072245
53363194
12141052
420364800
1457046019
243286533
523158023
2324414992
1362248209
60899859
482066976
1304511018
1626128940
849494576
570409523
54968891
322585148
66667076
50250310
191447627
40878671
79446610
1354678868
1732493910
116277847
2454274648
562056942
81835451
41108072
1412416105
34652780
97862254
456868469
264913527
142459512
236095557
137311679
261669500
443592951
491963008
441762435
324485765
713966214
118702727
245678731
407847564
443466381
314196624
325632657
1733182098
14598806
213566103
217563805
229196451
312128966
83903147
273334958
101204661
1657258680
275923644
211993278
2199470784
447857345
254132934
450642633
2208776912
354337489
133251798
57295575
613958366
70206175
629261025
563004139
376718079
584925952
307249923
557073159
142590728
388154121
1423033099
35537676
350309165
1866941210
20661028
60965674
895402795
224215860
2308850492
283689789
131384127
279003970
189186894
270254929
184697692
227230559
238109536
125944673
378651493
368198504
1910950716
454050666
1937176039
1627571054
72041327
1514419688
273566526
211436406
2195964791
376128379
39207804
148863451
132957058
736576394
1475462029
489538447
158712722
395232152
59786146
396510116
475874214
364967219
460309418
296207276
591905711
349651890
230114228
257936201
1562592187
28296124
297976765
71287743
1286882240
242664387
218710981
580993998
278447055
96322518
41099428
2175288283
75973596
138036190
1282753518
120505327
44155890
97214633
343426044
216384512
99042306
289326085
251315207
92259340
126305295
364266515
715605014
34882586
171865605
219661344
136430626
366527523
1085588521
1885881386
257868844
2170504238
193217584
1092142129
47145139
364299317
32425017
248300604
135382085
1193690185
389334095
91669584
25805906
303980729
338838621
202097764
99468389
280380521
137380975
44582007
59131001
532890751
237159552
278971521
465388676
2215920781
529384590
2262287511
945603738
565396635
815187103
2184496295
127452333
880002223
294929585
297354419
334578870
1411269818
2258715836
211109053
475645119
374457540
1030800582
115066057
1272464593
378684628
183132366
2164633526
2157003992
295532068
222053602
443630820
400835814
54183143
456410347
39507134
389334260
316949753
196134142
599278848
708023981
34227461
42634113
488260872
34861103
1522386188
224642318
39863567
28969001
116999446
434357527
472827170
96126246
81085735
611075371
479675692
240665905
932889908
98944265
178865470
359875907
124437828
2337654088
562644301
302040401
342139701
114705753
17778020
118998374
218412605
59032946
180274551
15189384
254494096
1013007762
568182164
38454678
244827545
58508714
290997682
559793587
333530548
246138293
120047030
282281400
1397179842
36619715
338937284
2319893957
92980680
1487979979
104220111
589252049
176473554
1704543702
370558423
318336703
1963967966
39979941
269731297
104547812
187221477
35177958
1702610407
65357289
118703596
257621862
228017654
93735849
70239743
590136835
305874449
297092626
348571160
151012889
348407322
185124380
20694557
47957534
738674208
559498787
66340391
356140587
1493026351
42386994
539772472
1719715387
58476092
260011616
261670470
429016649
858113610
516376139
44123733
314492508
1543292516
886814310
371115625
244008554
18597491
97240693
369772151
1734156564
489277050
79104959
1926743676
104810110
567375467
583124613
453723783
37210319
186402449
128861844
1477887638
1710802585
236897946
508595141
1897756272
99075754
264947372
97240752
257476274
132695734
241452728
23414461
46384833
213599939
423413444
1208600263
363611848
35768011
252430029
73582292
240174805
420398808
202983129
267208414
791168736
1299859170
23044390
321898215
226903784
281633063
989415151
257345268
1014679286
115033847
384288504
437029845
1715980032
726157489
296699659
743032598
1686718231
290047772
581551906
48318249
89704234
16009009
212453170
340182842
350504765
188270401
301385540
131221323
558876496
452839251
123488089
582862686
408423397
117000033
33277798
256067433
841664365
1248085874
1726334839
39962492
556877698
272387051
38127492
550061958
166086537
1109804942
79710095
61425554
1899415453
539805605
245254059
147507118
626214838
228827465
1423820731
388876221
26003391
161007555
612026319
1896564692
308365273
273598427
784386014
101758631
701614069
408700922
1443416059
171231231
118999043
611534862
41797648
706535768
714983443
165824535
59394075
166512670
217710561
290179115
300795957
342149179
164743232
361351244
115908962
80267345
39209042
215589219
207484601
8538202
796084316
722520157
627417445
233949284
300533863
1614760040
1474119787
1056688236
444450935
134334587
542328957
211077250
155535496
232835211
569395343
1900824721
54564760
1318876867
126568604
174966941
289786017
43665574
1568622762
1927334059
154585265
159413961
141150393
238078149
1893550280
158025929
298109130
604293323
238110926
350865615
1374669008
14567633
158320851
297453780
560253142
287131873
262260964
352241893
200132847
54118646
462735614
156584191
118704386
359942403
297224453
390711561
386418954
384583949
112249102
738478351
312133904
88656145
2162444562
2271299859
1297893661
456494128
610289955
722520366
546621748
577161527
2200881464
1386596665
75286850
34873739
793397574
38455627
294078796
267143509
43305304
86427994
1060456795
1243269470
364847504
256887138
547768676
474728808
212612839
398543212
299649391
598722928
92522875
240175494
549341575
267078024
165136784
111298962
636078492
921171696
393431458
297388451
369510841
363579837
16435650
197052868
2444773829
17385931
22836984
564349397
784353751
155535838
384322015
753027559
39471612
53338538
369429995
967625216
112970241
154094083
714099206
374437633
84396553
373836304
1327122962
33235374
84411545
553765402
155994651
164973084
104843808
1148340769
819481122
272845349
250694184
33573419
1974684206
1379022600
776657198
262097462
286018105
180800059
276231946
40122123
456313412
125979205
295881291
700697166
65648397
298961488
578374227
428952150
335792731
464767581
295553631
187550304
439339620
413784436
778488427
1217677933
214452846
210061940
66636407
196528765
427248255
227658370
169036422
120015498
1027946263
418957964
89115279
161368720
475712145
90399171
377637525
219237015
1662569112
273260996
121056062
555895460
589384357
506973297
475548335
267242160
217440712
352947315
953469624
47893177
270289597
2348239989
37178051
134924996
97012854
507267782
306083617
88853199
216086307
992660190
481905380
23775974
371084008
558795900
218434685
1430309616
1897941745
68635379
398772983
69913336
198789881
790755114
72534786
580569859
135056135
328583948
396118797
1344686864
230279953
413944594
66636571
773671710
2342898821
268127008
136989473
62901026
392743715
299136817
526404393
156612402
406932271
322718516
41765685
112413496
2250787644
228674365
161237822
229395267
1664371524
317901641
351914830
1086224185
124799832
102681449
1918061420
2393951085
2177387381
388156278
459066231
69094265
484887419
164285313
207997827
1626753924
235129733
487574406
831474572
395266959
347425683
73649044
601934750
261573537
183684002
178987505
216648617
35670955
620121011
10832822
168577975
1640156088
1079724986
101747871
263015356
759483325
1144998847
586533833
588079607
1899809743
809028564
474827742
28953567
167332839
295685099
89148409
1307517439
17484797
270776149
490130435
2218445830
258296842
1209584653
181193742
334089389
287848280
231361710
361778198
1361595416
29412379
763546652
939805728
14896162
252988454
19014151
321834028
116378672
37194931
130829364
1004915767
340773949
244010049
192859203
83643460
483380293
32066630
68930635
969526358
248663132
35736670
383143008
2155334755
224644197
242928744
285166700
1456917613
236145777
324848755
620350581
423644278
184470651
1200344191
247745666
97897604
190205061
1061112968
364235915
94533485
