317246608
1509805206
1578683545
947506332
180931741
216288428
56347821
116378798
123489461
280612023
215731387
614386876
48712894
115625155
312265931
1967235618
96128214
290114784
308989153
340204101
474991399
317738226
213961972
58734463
402672894
585551109
598166796
285727251
41569554
787402004
610979093
1017224622
47347590
1565248808
25054509
488262962
352341299
94588213
460934454
296149558
594431308
432764813
2223361360
49368401
83643735
596299096
558845273
190183311
36949346
359943524
1625902441
41307498
94555501
78564719
34884981
258821494
23055741
144788862
339266943
335924619
985976204
195775887
128568724
1829784984
138792347
435834273
104811938
2303217066
92261803
931745198
33967539
1933981598
143740343
951635390
1705397695
254856641
432295362
1383681475
399297988
1262603719
440716745
422939895
440913356
193646031
330976728
58128292
243682779
39472604
211176927
76893666
45796839
250957288
599123820
1450659308
367119861
353673812
139775487
511856128
35180035
500551173
213995015
304238092
249056781
132238862
532139541
576966167
239324696
35737116
571919903
299191842
208883237
1412484649
386911786
1448136235
86494768
80825910
793660987
470961728
2226736707
430657097
2342768206
364465743
87674455
1381224025
291851870
1496600166
57593462
1341345409
444485253
402083464
324330092
526175882
1208274572
264261261
1376439950
345558671
312626844
46157471
151178914
610225831
236768938
597282475
45785714
1433030322
381406899
29183670
522079928
284380857
162025147
1556336318
847433412
502058694
374427339
85282510
74370770
808373971
54546132
1735446230
332189400
35507931
380948188
29413087
344182497
221138658
176759419
49336037
32427753
330387178
29183726
334548719
549506800
22040309
1324732152
34655995
253594922
385634046
1263881989
1891520264
251023117
141446930
315182867
388779798
288149274
377016091
67882783
403219078
207015718
292409131
400871213
553275182
46321456
2203143989
1269026617
522074079
2304626503
378725004
106876746
400576332
78270287
255217494
188043097
890648551
1174867345
58806135
250040189
958254980
320720773
23580552
229035915
81809292
246075279
251580306
177164183
266096540
810689178
230084510
438947743
313315249
139022259
96985758
428182857
806047675
136662972
1483919299
62574533
1578640034
65720270
34885585
852938708
165105621
21385175
1315229666
313451174
125974430
197349368
566153209
385339386
77221887
1683050502
1358778378
349622283
130764812
337038680
323964946
246140948
76369944
309088284
170250269
34623523
478564389
377245739
408080431
1258180656
920801330
332222515
487510068
796282933
1925074998
223105082
233590857
454578256
239248056
49952782
76697688
1492209758
34689119
90951782
292343913
87740526
323178607
468282070
1021928126
52800470
2268221561
368857211
329207932
2372358271
569299074
51040388
267309194
553767051
1256280204
358076559
291786907
221991073
34951330
190599331
47567013
604524710
77942955
176804014
19615922
231690421
505598138
265965755
1228071626
67883198
220025026
716787907
242241736
94326991
32854225
243585235
78237913
627144741
156946659
263114989
2239058162
193253620
246369662
257052926
594628864
330158338
491292917
607277322
87445771
85577997
98586894
368857360
87609624
68931867
983191836
37474591
192074016
55496993
459264291
1553223980
703582519
558676021
37474627
1129107780
44387724
1572184802
68407650
65982822
141480295
468537704
15192434
263075902
448713083
193843580
127226237
82649433
21123464
320824044
262132108
1396144194
36343192
402674067
495735191
292294042
231362980
38490533
345301745
229364140
82366893
895209902
297914800
1922453947
239751613
964448702
550162879
1407144391
110744008
215306701
314528206
390746577
48976340
271372770
471224805
326619625
613601772
795790824
47895022
240210426
440652283
90624511
110121475
250532368
15847955
87881817
223433241
121491998
708027142
37638696
272880169
307515946
721998379
85545516
904385071
1476514352
1514426934
278155831
610554424
376295997
484758082
2237728444
857854532
236048974
821973584
706171473
40817239
2464469597
229757534
462672481
623891043
204264044
22598255
2225099376
2204619379
1377292916
45835028
98751101
371925781
329732736
36328065
309815085
525259399
46954604
209079746
1008292496
478565009
276877973
331076246
316428956
263541405
1725256352
304403108
1004163750
36098729
487411143
563508284
548164274
246371000
306810314
367678142
968184511
240634167
240177859
631295436
761123532
39441102
1125110479
761516755
197546712
19714777
371675868
602657502
1815368420
104452841
252007148
62542575
1614729972
35698814
312562424
84833888
22008570
292154865
281662204
338809602
1492308740
45306633
56844220
1110823710
196563744
227922724
469160741
1305137958
38916908
161944052
464999217
2148692238
593974067
335794997
181949239
288236340
1212601146
593939935
277095221
1622102852
324358981
471804772
35771211
69292881
2186972643
33870676
893768534
94425945
460116826
873298064
173462372
1139037030
1050596202
380261230
190206833
713970546
75495571
549868405
511759222
2197687785
1184599531
2304889734
236770189
52810647
39474072
267604889
142594970
1490473885
176346017
173888418
1547466907
187257767
157766573
555144114
420271028
1374582942
14406592
579097547
215339980
333206479
188699605
285168598
536989177
888984536
406836185
69587930
114545629
27218913
753587180
603378672
18469874
1125102032
14144507
197383168
1353536514
338973699
617436164
22008842
486822926
1230633133
233559067
1667785562
188797982
290673701
615206407
386192429
535155761
992715614
196170808
117494841
390353980
383356426
383603776
525685828
96949319
1054856264
395596876
34268002
85840976
347133010
180343891
1595626580
617272408
715052123
483218533
1511511144
137334715
407069544
1043125363
344806523
853289533
749163648
2164249731
212522119
103273609
1571050634
269800589
85152912
163892760
406115475
144462996
35709806
625661083
148460702
61723808
247387297
287757475
490591396
43308200
199185577
112448683
66298739
340186302
167371637
481409228
582669517
215438548
2370589909
451433698
89969893
63427821
142759156
1916523768
150983931
62051586
721966340
292771078
789796105
264754451
1710806293
329864473
267244826
61199655
70079789
801678218
1249072446
432814304
1672957494
453137738
368891212
519361873
239326547
494818644
431891342
568120665
467359667
931681628
368989533
1061468389
2451836475
38819174
505098211
59725169
288875411
334288244
953803668
34657659
2179126654
52680063
2401621376
463066498
463099273
139875723
388322700
34633965
570119574
273831322
39081371
200398243
32200102
226612648
263261767
485479852
34231729
246797749
263048777
229103033
183588284
570152382
212129220
271766982
445306323
154488398
1344165337
251614685
260101604
172742118
920933863
557307368
1261229545
2234799594
589780469
565630458
81774385
1644451326
234706434
464508419
201643525
379180552
332846601
103273994
253253131
1264440848
273438226
17152259
540530200
326653474
355456554
34887220
356111925
87778228
584013371
1900205628
620451395
119690823
365514034
424531538
262526547
113399383
588142171
419714652
340809310
31209744
763319906
306140775
18896927
70702697
742250101
34956180
268555899
455693949
306140800
613406339
868013700
257382021
1261754004
36918933
150951575
277993116
68792396
1595823776
124718704
101865124
447567525
459495078
1417172660
52352694
280581818
292411067
35748128
778393285
429971143
702757154
363714254
302831313
80238290
421222102
41801434
513529563
702846721
617273055
104781537
97867490
379298769
574314216
1057216237
306108142
51697391
316069619
60127529
90593016
569300737
320689923
106419972
37607173
617076487
567924492
105436944
885351386
1218795296
27612970
53008174
262068015
501897011
73324342
1372961076
145250106
1014323006
151129739
2172180292
160495926
39016264
101701455
739058659
1125242712
875648858
32167773
79550302
220616550
252532584
122640237
326063982
1067669360
624678771
2252232568
20240252
271374205
36296574
148625280
1376737154
598366087
461985687
423286684
353556382
607180703
557766561
397727650
506902854
369258804
2172800668
1667913648
520712023
958617523
260563956
166481567
738449348
586667974
878630858
535549900
268425172
1484314584
448583641
18765787
34956282
1316706270
69556193
368891877
1571280871
118970345
109041642
57694195
39114740
111611562
35674111
268163073
26204162
1127372804
339007495
436525065
40851467
338909200
271570967
554203173
500622341
209147936
420337698
1403181091
271472686
22534191
173955121
128276530
589060155
350181437
226842687
41080896
1476974658
278190156
1310480462
473978959
35507896
260692052
33536356
395434076
1573443678
2256984160
1654839396
269138278
358114321
247715945
189028458
56645744
259446897
204331123
1487425214
258463866
361126018
335815702
86256769
200549399
217077903
339662992
718382106
187152752
86464680
253286572
708106413
223126557
465623217
1374869683
32331960
2443761849
258824379
884988098
105076938
86038734
338319573
172579034
348412124
82827485
428988642
1396922600
962451690
2330382034
90145560
63068400
148723962
477649148
196073726
374855935
447863040
223721856
44128516
31414538
624575615
28530956
573659409
86923538
386685212
359323933
327538975
94066978
313252132
1558100358
482269480
912838364
2237913386
286284078
557865273
62901983
2192398652
320690495
333896000
264048352
346741059
318429510
236534156
208656721
343497056
309158971
472865124
549378408
357980521
1228626283
63035758
405475048
268196212
205838710
59100905
283990395
989256062
373447039
296671616
367057284
1338202501
370694534
124246407
1139497352
91150731
1904105869
119691662
40851859
475093396
295360917
351558044
368433565
532177990
2441370022
1469864364
290707887
317741490
34858057
2249152952
152347722
212720062
72505791
1910815136
334191044
749558226
91675091
1508071892
1124489688
455793116
256989663
292870626
2188794342
216685033
2273204717
303782383
19061233
64248307
73882101
1896798710
72342007
465885693
1516100095
208296451
15620617
419715595
77191692
255064493
399858193
1594913233
85514771
349690399
102914594
627431971
102095397
106130626
407427631
164977200
171006513
205773369
40819260
820992576
93837896
25975369
1169357239
224516684
161634899
171498070
2214255196
210786913
2226674274
867687012
1144674918
713546355
1045453434
206985858
421845638
732846728
64150157
102914702
360143508
1142086297
318266021
294017706
2209282503
75324079
88853677
150952629
1013504695
110942908
1042897598
213670595
277404358
36920009
544234188
340220621
580115150
1254251215
1355569873
1396202198
239360727
19061464
46553819
478372986
48650976
91052773
1375492843
52058865
213605110
707943160
80591316
745495291
1647106812
1922554622
592591317
352246532
520215301
785308423
47927085
132471572
50614062
162978587
899832607
1412258593
485743394
2162055971
415521577
312498988
380197680
486824758
1564269368
84335426
403954499
19585861
329603910
1486216014
52343379
222558691
73027385
65657688
18799449
280451932
66968414
217340770
1422678884
171817446
812800878
83909490
280648564
262167413
70638460
293854078
454876040
848616330
1202360130
888396686
504191889
42589085
743136164
193747877
105896871
308992939
171826102
386096060
154786752
111238082
285596612
38820815
32922578
333849763
1573575636
368860120
632773593
154328028
264821728
988240866
2207046630
39082986
636410861
1119837168
336452593
78240754
636214261
130767871
35707909
988404744
38394890
479422607
236346385
2167033689
2323274787
354212902
47537191
1565154344
33217580
218413576
154557495
285727805
68443198
2330811455
219208778
136961103
62217298
208198739
318561375
68410464
924933218
1098177638
702806545
196469948
111598699
2295585902
88464495
1462525044
200399989
417659412
360864893
363879550
69229698
35740809
21912715
235922626
1184816274
585555092
84073622
347298967
404348058
384195741
947269098
396038001
1474845872
128244914
292281523
140762292
312801822
63710409
152198331
23747775
347950967
881876173
76307663
70114513
324270464
504782036
38032130
592010461
602430696
494460138
11754732
122150127
458120439
537058552
9854202
182508795
1244093694
371186948
636411143
839727660
970448144
114790276
311352611
1130192167
516381993
225271082
628313992
243948852
1148282078
176151871
2289851714
238148933
467197269
309976411
717938012
23420256
202956129
351493478
242700825
96984426
837672301
180804975
470310256
702766452
622583160
37870969
1017896316
216292735
446267541
584907328
351395202
521166212
364842902
332979592
1178688908
284024207
1603460496
60362648
509107604
248241564
591191453
349658527
456613282
297852327
74112425
293363114
561208747
813518749
38165937
1375165874
1017270174
568388357
484761027
226518262
45178310
35708359
1228365258
368926158
47603155
489381333
359783894
59596247
86728155
132111843
617340388
29187562
261086702
226909682
97443321
504389114
373218812
732683773
407723526
57597451
1538986304
439148050
1165745684
1377852956
74407455
1920294433
784981538
253928711
395140653
72279304
1317936446
357359156
255878409
120086073
459431482
420273723
403463741
1662148158
18210368
361324101
806248014
323216653
139639395
132963925
490364503
116416088
16670298
507371100
297865147
263675492
474865256
1074781806
239513676
188866163
1897324152
822075002
721903230
126344837
179920518
100720265
1435852428
58449549
396451474
290578067
85778071
1518427802
377314972
2210782877
199188127
504213326
74735266
100032163
36920997
373284521
44568519
300408494
48946865
347135666
48979635
128147124
163831478
359227063
57257276
582606529
981229255
711679694
1427562194
387735255
227974979
1330863836
191454942
636903135
234708704
118742756
372991270
270360294
62574545
1541725932
334062888
21847797
174579450
621174523
167337728
256664875
430137092
292445958
269377293
1600216849
1934122772
985980696
171599151
92757792
200433441
1890377508
451338027
304963372
568418093
263118638
242277515
960519990
495345464
2404671291
364961598
58777407
1715724102
106028873
231318839
219701070
43704146
246767443
23733561
60862957
252174172
1910788069
53033616
330325859
1182981992
358801260
264626031
1171873651
1045815157
506257275
132636540
611442566
94986123
635364675
710139800
292478873
283926428
370663331
1464000426
951246768
1724866482
623852190
248733624
48095161
43671484
529245514
885284798
443539393
17028992
302604229
1648451526
239755211
581885904
262692820
211952975
76675749
367124457
256195239
87384045
1316347886
40656881
2170707956
286106965
280879104
573530115
450766166
227237894
199319559
301359112
221700105
1542971402
349134865
601776147
39936022
541614107
41771039
605347874
249028643
621928486
384917545
1509908532
594503006
946626619
244932670
38887490
41771076
634642511
430170194
777904214
69853272
259252313
229433434
238542942
217440353
225763426
271999075
17850476
24137746
1017929838
214884463
508616820
211133801
428957817
15261829
345399433
927195278
21068483
372367508
1627873429
47308954
332980381
416986001
37216420
2199773351
281530396
720461995
168681647
26468530
592830643
256401588
204005561
466706619
1058208458
756637886
138043584
33874117
1690525896
247881929
128540874
338339191
146497742
1255629012
1635967206
549118188
1271750894
1103749362
120447219
16343289
87941373
41541891
92725510
184672519
613245198
347791640
169632028
34365725
181461279
395272487
1255563560
47276331
193192241
347103540
458514741
166977851
571171137
118677831
347365705
237166922
318333266
273965400
490529113
266133850
337666399
250995040
559097232
1541005681
180384869
290972033
235092716
11657612
248570253
62022043
981459362
382230948
82370981
41542057
267674026
295133620
301457847
108650942
364963232
325745714
132309448
623763915
364995020
333472212
245653982
1203954150
20406764
511664627
1575510517
123003382
367944183
93217274
219341312
539124225
534077954
68149772
369320469
869589528
244834841
1277059615
790070664
383886769
126575144
38396459
35709485
1246126640
388758280
151904818
851534388
36037174
347955767
217796703
286089789
990744672
211149381
130715745
599161612
278127194
43099385
276948410
32858718
630186594
1904529510
116253292
431841903
421651057
110125686
326132346
413950591
17916546
276095627
464413324
98460302
1699603087
347220252
2462638745
1205756570
427156126
356115110
15491755
132440749
36627118
1153196719
95150771
410772152
198140602
895095212
195683005
201188030
1100210881
726098629
1035756230
1594057418
78242510
537027280
375022289
1339122391
443507417
440918746
45408995
139164454
321610472
387244777
263643884
544563953
260629234
367846867
267772660
169829113
95019783
333406984
270263051
447079180
569856130
1101193998
332867032
2291098388
149087006
343958306
117728037
410641191
307880747
270263100
65364803
2326881092
181953358
2307973971
500654934
395371353
330818394
555377500
223404898
30630760
378626921
409822059
1943429996
93479790
430760819
321839989
462775785
2332255096
36660090
305030016
317776778
272634007
64218003
148300692
349561751
142369693
35775394
314074021
35709867
28304300
1274471342
1688593327
44819376
279001928
250536884
1196320244
823288765
220619710
427221955
14508998
165831623
301327313
353259683
2157372372
116745178
356049883
856286179
456647652
581690343
89940972
732947438
103244785
133358580
332703230
236315642
2262557693
469984255
369484805
1385292812
607872016
509240337
351527956
572613654
257385496
537650211
500884516
57041958
173138984
350217259
523101230
113228637
485581881
874013755
1064363070
704570434
211510340
1021568070
583919116
422110293
77194326
97412186
750937184
412312675
198304872
486401129
458974326
274856809
555213945
2204853370
369484924
801039486
126018689
35873931
55534732
459170958
236905620
574514326
488607940
34858141
43672734
1174234273
776332460
245785774
277931183
936633524
491611318
325510329
106652860
18605250
301644662
388457671
600740044
505636042
355722443
38298828
116712655
1108501712
953050321
57599188
135090383
467625180
254076126
40199395
341959908
66938090
41903342
1160865007
49341680
43334000
270793598
1091560694
35022071
81159423
31057157
53536007
122021128
504816905
137094413
199616045
155870480
125035797
290743576
264168731
353756453
29156646
193258792
217578375
438341853
67348019
244049206
41116983
767190336
518579523
1524360517
213968201
545842511
402056530
79816030
2173003103
125385616
107963756
321578352
300246386
182347128
2364215530
240936320
250591980
533325190
317678985
270361996
90563982
59106703
107046289
525165974
589325722
1055967090
309847456
397796777
380495277
538305969
1361110452
1479796154
240674235
90604843
555148737
96757186
555771332
282453445
444720582
83131297
86009289
38397387
1608712855
1489855950
438625744
364307923
310317305
335881808
832660969
1718216179
591881716
756699390
