1466728453
1469284368
166166546
2156658707
1271005207
596312093
785154079
462269104
324337699
202178597
197296170
132808748
437452845
1182895148
476020786
1222443061
436830270
56688704
157614146
30048328
1326350418
22806616
600670300
279674981
475168871
2175762541
355347133
433700883
45645945
189431931
354287740
51740797
125272196
34898053
558629004
116424845
94666900
366051477
473890966
196575385
597426335
279675052
237633709
348979375
231440560
183926961
1497989299
437523829
588873925
19562698
15761613
543228111
141983954
107086037
6226142
189038820
257867814
15270118
132639442
185958641
284590324
1892745463
261718264
2169962746
24346882
267774678
347308300
39813393
384827672
796295450
384762139
227311901
1979089182
17531170
242123045
2410473324
1699905842
38928709
123011404
216203597
964821326
369426770
1896322446
1133085014
417956193
814973287
30835049
75989362
173212019
339280252
239708906
123198418
35160453
104399238
99221895
227967371
57115020
253591949
338422509
312093422
1857585564
302699930
213680547
251330989
1702565600
66453944
1255041780
400097723
553746879
1182433728
1319010756
320668103
521994696
2175418444
44630476
87130577
1688229283
463569364
496828889
397214177
581140962
191365604
251036137
93979115
508919890
1916731886
455508463
139723249
236323320
24347131
1524630013
245957120
751501831
861372936
122389002
226220742
105415185
225903127
1475816196
226525723
1035633180
16712223
204243492
45777445
184713767
102924852
352191030
545882681
41583163
731185729
93782595
98894404
16613962
572921273
355336798
218852112
1599504996
2175697509
1860960871
104432232
189825651
552665719
391974315
565314175
343376513
1491370632
169476748
238715533
319095445
339673751
172262041
318472858
281903771
398063913
55154118
361267878
263488167
314081961
716309173
39486134
322634423
401965760
373238560
438502097
283672697
267616985
328925919
44860128
237175526
142541549
216990448
763396862
117741013
103219969
306676483
273580805
316048136
351765258
110232332
375522061
330951469
401900305
955155224
380338977
575636258
723747620
76612390
241042217
216302379
315622189
1189151534
256508721
331547443
364315445
271614774
476578615
1367573318
298550089
104727373
367166287
84345689
120554330
256901983
36307811
59474792
280429418
250577776
773789160
271418229
267108500
320701308
91751294
42369173
26510208
382567297
1019577224
1927447436
160148290
541852561
411501459
35586968
1536951200
336724897
135955366
386437931
1658651563
172327861
395379641
101974175
1117599829
224134080
984531104
260670403
14123972
392176185
412386247
701629388
375129037
630162382
1734214608
1928102870
23725019
567346140
33489885
608404459
2233609042
35193838
379913199
521536496
1282868210
1042154485
474186744
947034378
776242178
242811907
569409708
1015546897
546604055
243598362
1974174751
631374000
53668699
303236134
29939209
481231931
165315648
2233467972
890897479
59049033
1076593747
355992664
46040153
2342847579
331088988
127292944
715031660
42370163
246809722
201719999
296911996
20087934
332465279
212305026
749005675
236389509
309789830
128517255
395773064
120749948
44303499
426411149
47875217
105415826
107742355
2165310615
52331673
536970394
93619360
1166738593
481363109
740000942
259589296
711197875
338986166
518620347
462697021
145656085
44336326
79409214
104858828
82871502
134743247
323683546
150144219
370731898
1910277343
1977451747
1324811492
857998567
2435672956
49284332
710968560
35194101
55215350
277054711
372475140
855359702
17335562
165315856
494830869
62489880
385123610
14124331
73434413
549520686
582681903
389481778
37586227
70452539
478545215
91587904
350422340
39912774
327484749
19596624
305005906
172295511
35194200
90942351
66094430
315065695
43058532
1001194862
1297941871
373032307
368739703
23463288
588383609
73598339
326141320
284919178
482275492
115040073
85591439
384337299
34866582
199591321
334545135
369395100
114676816
44066427
103253412
474645925
67700134
345965991
34211241
474383786
369493419
628252689
262669742
159090096
373884350
318997957
65865160
34211275
316440824
593626585
442074595
1609172455
272074217
137463274
333350381
262571503
34997747
230721015
422807039
56138069
159385100
301925901
22939150
717850132
147654165
1289586204
493434167
166921768
193463849
246154801
331187762
475137588
288654907
1886848574
308414017
104465988
206112327
38471240
78644811
96503373
1736574542
459998804
108562005
629573209
75236955
2346681948
117376608
302614113
1196394086
234358375
70911601
747308660
218826363
1871152766
546805355
435619461
1567622791
768870025
248277957
361793184
320767649
361858723
811075236
367756969
76285610
32615367
623969968
37193394
293635765
80325577
39454395
551880380
16254653
29001407
47351493
56624839
943228616
80840393
428803791
330893012
703170266
217384669
303924964
1727071974
115082985
374572779
255592176
356157170
40830708
42862328
180520701
376833793
36334550
2258208518
282494728
49710858
131204876
563316498
441570947
92931861
2204731159
711024061
260278042
27002652
491915042
1259636515
56952630
573638455
588384066
2207745859
569476938
18122572
89720654
130451279
128943953
523709411
218105687
321357656
385845086
1101694820
706119526
120358761
336168812
34867054
39946098
244090741
431687550
812910468
78284678
87394185
417204106
107054987
1111066508
262539149
1219659662
91981720
78284699
1090029468
137693090
339642280
36341674
33392558
153847727
314640307
21071798
636389307
215975868
2211284929
71239619
595625925
367724487
208701384
190349644
1332414410
273090507
38398968
616466386
34867160
146331300
264701917
414255078
1217759210
257529511
773752812
317065197
398264305
347441143
261064696
229967867
97454077
598345726
123504640
243271686
1324182529
1853229067
287148046
297437199
575473684
51972117
1319962651
321325085
39946271
319916067
73926693
89196584
87787561
222496812
303695917
46401585
389351479
1138755648
243533893
582584393
338593867
207980620
239831120
521177169
131762259
300157015
22480985
1186302050
224725093
227182698
54853991
544147569
178718836
933857401
120533938
384338053
175048838
704350352
243641368
333867326
22775957
369330327
364742808
438995099
1099991202
299862179
271354025
501975214
43059376
271386806
218794176
347155488
243501251
47876295
222136525
68126927
1544554705
541133010
400001240
16517337
2216659164
491882722
74975460
2305820901
1923057906
759007477
441649414
50399502
103876880
242714901
37882134
76286233
398723354
300157213
75891077
1317013801
2207385898
185960749
2164758237
102992176
29657394
1465092408
409536826
942934332
490506560
160598337
577177923
76319044
70060357
569346375
467274061
261196110
716015951
127639384
274925909
5376342
613321054
334661984
299534693
178227561
139757931
632195436
274401645
264525544
943065458
1880185230
1365150074
324209021
390629762
278563208
17664396
316541325
372181391
34867600
147327378
404228499
1227950484
636764569
225479064
336660894
234646597
529172897
787188132
341543338
34212269
29395379
1620197790
29198774
2464516535
114133434
1379502523
632981954
47057358
39540472
2233272787
110496212
130910677
387090905
427428314
365398501
576489958
582650343
1339034090
71535088
36309489
20744693
22809078
292391415
288688633
23562749
80022023
174164493
416877070
500009487
461965847
270273054
240211717
310413859
130812452
52660774
551684648
358025769
411503149
361826863
91589170
306940469
33491513
127797824
845089345
2284827572
233605701
248646216
16439052
1517324876
307432013
633571919
318276024
320703061
180718166
64981591
1460415589
82152032
84576865
367954533
604670566
1351289449
96963179
490179196
804424320
83561090
60361347
54495887
281610896
927009426
276007575
113707672
320146074
630000286
53021349
214403753
240716462
289445661
84249266
1851427508
1115065022
47975103
35719875
198445764
275974862
1917108685
714771158
34933464
1417186020
102105553
385026792
331516650
74025708
1903758062
97290994
257526530
947129094
44838017
1906805515
529304333
242912016
1538146776
1545866006
218401562
520293152
186387236
44075813
588942123
288230192
436112177
344820530
236410675
2366999350
99126072
1286343481
844172090
2410318653
387051672
352862688
37620546
272042819
70716233
342646582
213977948
241503069
56036190
128224099
95652710
380537707
32836463
17042289
53185395
1722944372
221318010
247935402
854494081
467536771
575507332
440863622
443550600
287116183
355470233
1134594974
220924833
68979618
2171931556
18287525
28380072
427494333
57904062
969294325
294226884
588221381
251038667
1694662586
110955476
128191445
176163800
61279195
35228637
272305120
575671268
1145998309
321260529
353930226
128814067
369003510
927599611
22612991
501582849
170560514
755207172
123669509
240618506
209980427
40012816
484819459
217517076
343182357
440929302
396626967
174282586
1710918691
989531172
392039463
861899820
595253085
302156848
459082813
266439742
245894209
19598402
41946181
315690056
381029454
43879504
89211991
476515422
86903903
789351523
106105958
368872553
267147112
209980531
262573172
34868345
539155030
45517949
1272712327
34671756
53021837
118066321
212307090
272379075
72027284
44207260
363695263
594480288
412322990
1960709299
590875834
24153275
918326460
506956991
358059201
221121733
1926499526
1011125455
330271958
171183319
278039769
239340765
306482398
27528421
420992892
274500846
267193584
2241563889
291231614
146443511
877432056
1655606526
115903743
1550093568
312530816
273026306
412093699
87690501
592743687
563219727
75798403
494210326
313429283
374017320
908791082
211848491
1236405553
85560626
282018355
620105012
999195188
2160299322
71798076
2198277442
424086854
158305607
927042888
1726549321
28773709
537988431
327421268
490114391
314256486
120982880
312642913
2254540131
139521254
546639215
44895601
847351154
317295998
25267586
454921606
609127815
313789835
38636944
100994449
798002580
2191330709
187403672
38404676
197430682
110759325
157126046
83103140
227380646
242224554
1241877931
397315505
347835830
462622137
162664697
329551294
518163903
1968536251
358845896
246648266
2200047051
94571980
190975444
74452438
185961943
396531620
1139346906
262901211
146509277
296291808
288722401
123506147
190582249
409341419
341151220
1565265404
1378160125
1412590848
142743467
144786006
37883402
1346178583
74124824
262508059
252186140
1279594015
82841123
137268773
954207788
283512365
34049584
1897322419
148770356
209129014
361114889
257101370
15863355
106434109
112397888
245730881
826347074
42831428
1316455009
487231048
303763019
270831181
62918223
241501032
87736931
177515790
354192987
420122205
228593250
2176735163
453840484
41815654
67047017
211553898
918335564
873661032
113020531
385879668
17862263
176524921
83988090
248319611
591728253
152276615
301862536
416648843
1133579917
1003523726
99126930
1347522200
225316505
17731233
240619171
263280582
1432194727
969281192
912035498
41782967
233868986
268406459
1577881279
217190087
2301071048
439291596
304975568
74190547
882609876
2447775694
2330234584
431623899
89657056
159780580
38211302
528715496
333909746
324865780
306089717
579320364
922685190
561090311
47714063
293310226
94277395
1712099095
16650009
836218159
249682351
1277253595
36048677
261197606
379195177
338182791
81145139
1589120826
130420539
545918786
60559176
302157651
221024086
2352123740
420286301
250023776
1645154149
46411068
279416683
242814829
2306084721
50564981
31362935
581701498
39980923
953159550
240550549
159059840
249139074
176131972
124391302
102010759
247730056
19304330
261361547
277974927
380407697
262803346
226004884
2155450262
149426072
326045594
416419743
127471520
56102819
470847399
546049962
802754484
178804724
910692283
63967175
866553805
383487953
274645667
100929494
304254940
615452640
384700387
26021861
538972135
347639789
299569134
383225839
2149355505
426479602
375525371
76091389
1307185152
636882945
459378691
1555983702
26972168
2246610965
1376423960
378869764
241457159
240259116
15929391
34934836
156700726
72887647
595431484
241111102
53022785
1468731462
47910985
241832012
16388173
385257551
211456083
634654807
57512024
219222106
104730715
397807711
1660915808
156948496
420286564
105844839
240980074
240160876
155979886
269226097
1929449588
248877184
440733829
1407520903
408981644
189272208
323948690
251695251
99094679
43847833
501059741
268669086
293507231
479334560
34869409
32575654
236949678
138809522
485462197
32200735
238948540
395415742
709103807
1603014848
34902209
237408450
275484868
61182149
105058502
949752008
324931788
356094161
294031572
262639829
200795355
246714586
1470009564
531173597
771166430
267948255
143790306
973476067
322113764
319623399
123048170
289509615
263131383
436736249
290394366
32379140
382676354
36311310
267686161
43127058
2434896151
1019973913
760221986
17338663
1381175592
819564842
154013997
210211119
535162248
1706791219
200544565
432247096
1396327135
1556835722
82383168
366121281
98144578
456692036
556798285
14455118
145232210
206646670
401510743
307827034
522490208
310734224
2182058338
213651813
128487783
1579194428
502701231
132878702
84087151
101454193
478548338
256479605
372314487
41193848
281582631
459477380
416125320
706843025
106729876
81105313
78614950
482382247
91623848
13472172
589894061
178285981
373952951
773362105
4395451
344035779
89166290
931800138
22024674
936514020
24547814
130781671
1390023156
630264309
297964028
317624829
604344834
1706365446
29233671
1913295374
587312557
1727959573
616534554
1114771999
137925152
446534178
585863716
271520293
561234697
242684481
94179911
428249676
92508756
68414905
1275265807
246747751
387027564
249540029
129241241
186357866
620237442
350294664
635507345
86126019
129503892
561207409
155816626
545952435
24875706
395842236
304222914
237703876
612405960
39260873
959976139
459477708
773526224
18354897
624825042
342790868
337154776
129745700
233476827
221752784
297308901
1052447467
428453330
126522095
1174672124
964956936
1229412482
218501902
87134993
360485658
237671195
157684510
22745892
133731114
253170475
36967214
245306160
1619941512
343479090
32281398
758780730
325456700
35459908
155959750
375554871
406885197
2394624854
85496673
424055651
96146279
882512748
327226223
303836648
1585714034
1355453300
34706293
505058166
87724920
460034941
327324544
117019530
174953359
410817429
191337371
915116959
749628913
150967209
94105074
314545072
175739826
298193845
345805752
1154388924
24843197
768381895
1354896331
514069452
18191311
267850707
46142420
520197082
1142293327
315069405
1615238112
554341346
39490533
421053265
69309420
243569648
299620520
300717043
549557238
1181520888
15733753
329487356
359896066
1897698307
473797638
48501772
212309014
134517788
923243550
265819169
267260964
36705318
365532201
1569428522
284955693
473633838
34247729
335877172
1580995638
420942903
270931001
332338235
576132158
308646978
926946372
1854107148
1133679690
51745867
132486222
105419858
39457875
469603414
20976737
47060066
221353064
37917802
67638379
465704045
225776753
419959927
462689400
233051265
2367001731
1863118358
250665154
290463365
14226578
155849887
459309936
476648610
352457892
1118835883
29168815
549983408
489264310
427514058
1060213956
364156101
1566282950
393876679
251991240
217191632
84939989
320836827
1076335838
367596770
624903035
485627110
785466236
329815275
360486131
1467749623
57129567
155391229
209523967
53187840
316347652
41882885
324343049
254121227
1570936080
255857940
320378140
259152090
37655838
83170594
214832420
550727353
915051822
181900601
551720257
981850338
2280992323
15504724
135147065
1891505497
1153996123
236393821
114529630
297276769
453055845
871404902
24165440
321459562
294196589
36668307
529601909
223778168
38671739
1064899974
485397895
55612810
1114510734
586093969
203036050
611685779
223828206
377918877
475665827
277878180
1318589863
354358700
47027638
1904973241
363795903
38405024
50647170
531404232
182261195
74159570
203789779
37164500
138391118
588223960
256415195
855971293
282564072
1106548202
2223712364
76907433
149558776
1474532857
300848640
350869760
82843143
306294360
210736666
25040412
1883444773
267147020
367892007
228628014
1734629678
44340796
228988477
17700414
425694785
383587910
38923874
596383315
263525980
188814943
1000347235
37197417
325097067
453285493
201594486
221681274
299025343
258676348
237278846
259441600
92018317
103782034
329062036
301930136
2160891551
370110065
117053098
284890795
380802732
806840690
74684080
120756510
1168283322
287938240
1640438048
232167106
143726276
157947589
1248696007
245765832
203462349
282531537
84022994
1580340949
483170010
486491087
336631517
531502814
544347872
367990498
2423271035
266082022
1690408681
595450152
278435581
346134273
163550980
886675206
1465456394
91330322
1356633876
91068181
718116631
138745629
1007338459
1663145767
132060969
101521196
213653293
384505647
1049892660
313956152
775788348
247207742
2171006603
1008834372
91855158
2238584653
19896150
409638745
219977562
1349261149
55220063
214144864
195401571
2204669800
56465258
332928881
800823162
385488765
1019287424
1859541312
2223347586
81921003
47307073
17766280
1933449098
439850891
179083153
70211907
194025365
197171096
117315482
274391045
141563807
32348065
428906404
34986310
387585959
380231123
32348075
396761017
329029563
1968805824
405581472
80517062
278960071
364124108
98113486
612603858
158668762
1075910622
2154469345
346036199
211851240
288200681
132978667
100472813
297834484
39491578
85268479
822941700
893229067
363010064
42014740
465999895
741087258
402298910
470947877
41551530
107124776
340400173
506107951
384735282
78354489
347772988
27203645
464132163
59512904
558602313
279386186
324234937
317823065
365336682
461903979
17700975
288233586
274536564
966727800
452991098
85825659
77994114
328877078
246678551
66492556
471832717
549951635
1491179670
2148784963
192223390
362584432
349706408
885987504
277944497
71190797
224549236
474749122
36318923
351475908
167319749
2199296199
714348746
109025485
180263119
293312733
415406308
2293078245
481335526
174594280
129145066
189470959
71222313
884742392
197826812
297343231
42014976
269835589
245438730
1676122388
71047449
38672669
469276958
552769824
37165346
110696739
2195134761
66328875
292264238
476617010
767236405
385095990
222009656
26745145
622172475
270801212
17897866
183769414
842144076
481384845
859609429
858102102
315234648
64690523
1884625244
274045328
67115363
1313315174
371726700
344004976
229874034
326179196
39721349
289413512
521509257
480942474
1404672398
2148145551
83892624
1359026587
606607774
1736022432
215723760
342366630
591731118
234789296
380410289
211622324
77961653
