500037305
291540181
1928496912
424126935
57249928
29156646
409341419
321411415
284507814
796253196
1026045222
53685884
507371100
1243455624
63427821
598166796
60173141
238483853
630390271
352247360
602723975
61436122
49347148
490169406
331088988
256359179
370082737
106349035
433190550
85665863
330779165
1454407051
156914850
581013979
271820620
1324506470
2457842360
291581079
504816905
112189372
103876880
969336888
499518119
82962942
228593250
2423271035
204348160
274536564
623009842
30730003
414730882
195703099
487491401
259589296
463855930
1712121452
470096485
349550993
78688961
94146656
1181315418
251694388
57425638
374855935
791562914
384505647
110749597
66102883
371626106
1111299392
38809483
344942772
540826507
81375517
48946865
101725349
569856130
266133850
212306705
1193690185
41610393
85403057
117744533
82383544
297877984
184120220
2319893957
49400424
828435710
867687012
877432056
338499873
1916884291
29145326
368739703
96955363
23423708
34230644
276007575
86939437
445983008
200544565
1028638208
363714254
1042529768
309263375
96788556
367147624
189148576
226336693
429939643
472903203
298023044
558479327
2307925964
400879472
934445221
36402646
270900846
474677486
1182981992
90391467
878099965
72064026
94555501
558003610
333930260
983191836
1280447725
1009516188
1182850375
773572272
69288513
347091491
545952435
1920032060
425685643
2444773829
918335564
491882722
433207849
606280969
631852635
204251966
323945764
246687193
1042932308
354847982
153495262
211101099
188866163
895209902
338914362
56667707
364191440
81349023
15733753
587232744
22242593
154786752
272150853
1260397980
383886769
622131773
46065618
45805416
1088876726
42852976
45803840
1569158035
466677230
301359112
181172103
120430118
466401497
2306915853
357594112
319503517
625400116
58058489
384844383
763319906
421445445
271372770
473890966
104148753
301472252
102015033
712872566
165824535
2495003320
416877070
554376280
920818766
458120439
95167325
1560845821
335818534
364847504
519105998
229791049
304985446
171817446
367124457
874343527
573167474
156584191
734647560
256934001
34913202
316690841
61710180
594555328
953803668
47576041
176863613
150641971
451016131
256076266
423438222
217308037
23911842
293464493
35016283
278915264
348477884
92716870
1517247895
167865634
166216676
750902816
184749358
1280433590
550942920
168055010
250036045
185955522
197164491
1264779163
196170808
1593387990
526404393
445638759
260132975
276506327
586093969
79816030
29223886
627667035
1509805206
352288349
242857386
233051265
281910084
551684648
405797416
299681484
156198777
92530501
256628572
324628931
30190970
179936854
373865692
313807754
378969916
149108525
594593912
144828377
298398192
325407966
497884487
263541405
872925817
99042306
384764010
386503500
589075079
23415412
185572084
43847833
368284013
1296098701
208136607
253932063
57349904
197546712
336150236
518528299
340812027
31373936
2271147887
338359702
221373533
407944247
471778824
306083617
221723510
297976765
389927225
364440642
547292945
167879202
49709359
364263622
428156050
211512733
1707176137
549097196
92255652
2359293606
117393302
283886843
162767643
59420902
495816210
761516755
227390175
521908152
787723752
306170787
2410731871
458514741
199001464
1435559101
198773711
136286255
402716835
239415762
34049584
454447047
272316267
60559176
373324062
367021816
42032811
91126776
863205170
384178383
64948446
319623399
1622903119
2224768295
1271815081
1276898323
492967251
296888298
69292881
493157262
255940214
35170494
56654263
1145053986
72873825
33967539
1313426334
280457187
340186302
453828631
253510397
88894722
39935458
382035792
251315207
5872222
1329332928
213653293
1861221908
803803236
474694558
1001284693
242017039
84551786
46071191
85496673
66328875
600092677
129745700
377301557
273887783
264939708
1068577580
373916573
123488089
501453761
417887276
151533197
141178484
181949239
101731179
2356865959
174660134
1024161169
135818391
302510757
1545938216
241111102
95205123
1560158400
39471298
333976283
1668832670
320830755
387748110
390431810
1443416059
15261829
136561588
1302589230
44068100
38645900
143790306
457907804
428267082
29198774
925335788
59586330
151929435
488379400
456868469
66630266
132186397
361255009
2149463895
163831478
1968764515
244878288
227035910
374997671
380197680
2200047051
421998018
608014958
252477056
742643882
294778198
165136784
591606052
115026583
1316532720
502701231
53992302
1676122388
265802094
55816709
59131001
535424991
14508998
27833927
789796105
81109198
75236955
289547166
301286829
242717647
1582118780
236048440
175739826
124152328
434765303
267064033
397897094
482820441
38644513
2199773351
222076460
40847420
165810387
740495226
60060888
1411869546
123166039
66726563
130029296
323333950
1663145767
607240692
100180785
67892122
1208600263
432764813
288654907
1469864364
239500668
487510068
127462798
1051162730
826347074
45522316
179792265
386543406
243826323
34873739
15903858
861224179
169009618
94573507
1851519120
68425124
1522386188
190349644
213660436
351616556
1531557805
472827170
224953980
738635706
437782575
36344401
531541649
565750110
448521849
833779729
344795548
605345958
90327060
852938708
912640928
323379259
484739164
768381895
2331711696
501520022
614556951
225715556
35176334
449910765
301644662
413944594
1725588511
356925500
125261773
720461995
340961410
191365604
377321738
35541594
305030016
211517220
211866301
2173003103
364854017
1144674918
585811054
361826863
595253085
410604020
450534166
1145738815
159412610
21213969
115871520
1657258680
715661174
247721948
595724850
450464850
62555283
1657316388
2273204717
1017929838
831698690
304331405
1283210898
139967744
54242884
374185405
26021861
275177183
1439299477
49919701
76442191
1098177638
518037937
135904814
346416818
422028749
272909969
1040061205
152933301
1329171475
287773911
345892628
567188422
135998400
163043634
200620358
739235797
339797002
453069737
347612631
290463365
1639617168
335836828
400001240
16526589
376090227
1576036879
539772472
38916908
205838710
471853594
364091582
239755211
1427079254
86126019
330918456
330865612
468576911
440913356
150951575
72041327
249682351
43671484
1243269470
57039600
311472217
297453780
597260267
599637755
561119972
351475908
237646200
219661344
384322015
380891377
314523395
234504840
359225755
520412262
1068872006
220619710
37870969
1238449284
1516589070
397214177
452991098
285596612
176380388
77994114
306643256
1574256956
604504327
158319415
285826936
370944746
254458836
142743467
215361406
29734447
154094083
2172822075
38396459
1259257513
139028117
219287017
1049892660
1625916589
544975415
19658778
66340391
2332255096
338319573
829324501
107086037
86724847
920933863
580682805
407967289
874013755
494818644
267147020
2545638886
808486700
312138039
312223285
174745563
2297345878
191012240
620310355
209611745
225776753
238967709
204061894
130268906
34853179
615114292
1409718720
51006538
277878180
378593744
36860605
246179786
72033184
361670801
220309611
263102152
39081371
407711403
34836054
25819531
397727650
483218533
428112549
354992794
183926961
618350992
401510743
24875706
126229315
174225491
402641897
358091853
1327010682
885284798
37666900
228606585
264698153
261408783
19330995
517323056
44608414
312265931
578125964
557073159
256077154
171053474
2184496295
232167106
107030840
1199633425
421818799
627431971
624913098
314547730
92007958
155816626
467536771
486358915
155870480
96346120
746731946
368840663
322078562
1851284293
2223347586
85147536
1538143699
80817700
95639683
1153196719
1419966896
480955441
274367234
241015962
742337342
1550093568
46112016
48312624
42868451
154488398
287209207
617901307
283226891
118562737
1259300641
452287453
1189151534
869589528
455710193
33862273
77308724
32854225
259405487
1423277376
236523018
451299842
1326909078
1174184846
24064002
364315445
607277322
517635886
274394537
628118063
84532368
538093202
409536826
288729514
279572925
347308300
450376338
107303711
189823465
826924105
1318876867
164649970
288309152
357546233
95652710
762905323
253921516
248587726
436612224
213595336
324330092
198002737
228119095
193252023
1712287310
443616022
359943524
819866425
84538991
174220138
2199889966
242226271
1240989804
388988614
310462558
73379462
353970188
1009745174
1622894197
389445259
268127008
605662510
311642678
76594003
271017992
18624322
106689051
211461165
112359993
31274623
2241306317
709159819
253652475
246725122
252486422
190227395
78270287
1330510304
843238734
318370873
362306495
2151129485
377298768
270845042
37263970
34871676
160516878
37197417
427918092
789063948
519240280
342516441
45812468
35440184
529275389
229811657
164164683
299735720
369484924
78881014
1116347562
35728449
734491597
301625932
453878302
95183901
265938576
356184469
100972666
226191407
67621010
58777407
151042314
40444705
575893756
246800887
89147393
714578857
265421542
404061473
226711992
551743240
167331250
394642205
1285400629
140920091
102886203
67547184
474736412
231017341
42855173
1022048624
108559509
2431853107
270313008
333867326
335815702
40227314
547760234
318408691
216965550
371814730
224569311
70907815
344004976
716118314
2160307300
138801515
2234777976
304433784
572694104
506099745
256393566
66667076
307629823
439257625
302604229
478631460
215392921
919620463
309815085
406991312
18333689
303198829
204243492
375129037
88883811
339071518
116725506
33561862
73972232
85294158
82397226
536234151
383138437
46853518
557677680
31127666
36349323
826494871
154013997
68637085
127292944
599125809
1316444252
77966869
385325759
390550767
253622509
2275700188
340220621
402798814
57886004
1908280434
74395037
419478186
203036050
55150432
132060969
168557179
413672421
99051356
484761027
24148377
582862686
440375920
318407452
247674188
113069705
241096635
286321837
383421855
244140311
26186133
339007495
299025343
193831313
1578080390
379302529
40052950
893256216
287816973
635504386
620938222
636409643
43297224
491436720
372667053
97630106
42858660
66094430
109203804
16903988
199018241
199630132
493434167
122298850
63407156
1205092736
176719077
57253328
381997650
96762250
1920294433
51014791
1461713198
565155994
1127191662
252506893
140100834
133230019
35730849
263568506
333424159
30735775
133186385
124791339
636068834
424518057
512315824
90563982
593476884
1897247786
248421425
86728155
251080208
132872400
412322990
714391442
122976255
835215037
297388451
46375338
131510105
115895553
494460138
68361127
2265538407
220562443
591197005
2400121565
804631332
85247886
93456874
475120164
854494081
217469287
524071370
2340629525
50167602
311600421
395984053
51057934
1170964027
63769710
37930882
498968818
538294656
158305607
464606546
86268417
64176191
477068599
780973706
283936005
1019706954
540826562
210418131
213651813
518163903
283082497
447900183
101279336
710717707
61350041
447868874
339622111
83549476
447289234
1171873651
388147021
475268448
1087200613
58476092
1136708604
316278062
705072906
1139497352
272107266
173256500
1603045058
75774105
353205938
349658527
506427301
1540501910
1092197551
37165346
278895004
174953359
93892146
118729277
553729677
198816754
226267745
1688593327
146497742
2330382034
474186744
227596816
95389310
82342844
296710642
96214333
71047449
755066900
401918664
212220551
571130034
555712442
113265857
111598699
425735118
291522959
460150433
1654780027
180384869
263627211
402660803
335151113
1904105869
617948202
203483572
290578067
74724658
628194955
38817406
363208390
441864390
503236612
369008845
1105688276
476648610
435541827
202992569
125385616
123312225
34231729
23778630
71532915
517316989
41551530
204259544
270776149
329551294
951460345
901379400
370949232
364332450
94981876
163946940
1928102870
106130626
56351991
60884378
68468562
551824543
1117233655
388322700
418706000
1003614882
136961103
400006688
262068015
402233551
8057132
507309129
237159552
241186012
356133078
322699344
262639829
264629890
95369965
515027997
33812266
112685844
936482473
1154388924
554444440
1423820731
269166471
48650976
243627090
212307090
41565204
43301402
545882681
1332011684
344514745
89423018
368861391
224258758
271520293
255378669
106697134
1248085874
71481978
1675128822
372931798
58128292
251099152
409944517
244206045
193639190
308324133
1687989469
227182698
260188198
122949912
959949259
377321717
43059376
84023794
528152932
383587910
218835363
35699054
60127529
271629922
290217671
94805386
287107140
340220335
354323904
1097480312
1251219061
333289121
39961423
323178607
299709325
213664359
341151220
2284827572
196528765
463615296
202969810
617076487
334191044
523458809
1899477108
313355703
473901992
35228637
558795900
980226548
475941639
834916374
103855976
2176203957
217351939
484887419
54890307
251018427
94791865
532139541
102765242
828993666
95908576
76915309
195683950
172262041
93619360
348346544
126575144
407427631
394524749
504873211
62109230
279975382
528195812
1603460496
330330538
909804931
41970864
34876417
597555509
31093684
397824418
1550430842
100482475
303034609
1041543744
617273055
407264545
321599623
1290905017
268769938
332749267
288750985
277073999
379064745
42370163
1148794645
385538124
2167584747
39962492
2218445830
73885632
57041958
569395343
2223361360
476617010
52768507
1139027892
117057246
313860142
628276308
551041453
127455302
332867032
70716233
1310638928
39218272
951267152
54870914
364970495
249605754
301925901
357980521
185122137
565407418
369344975
949483255
292848362
392807911
540369037
29395379
113283465
623045967
1923262434
747308660
245765832
561442738
194231325
49631728
373905962
611751762
582466820
151866464
209981250
44863917
144486883
1078561482
1463887634
331115097
565272444
354099380
137294498
245438730
708521736
1267351753
454698160
880953630
1829784984
169277178
211559273
339280252
452084641
338249291
244491328
266082022
24346882
273891675
218510435
908979764
252007148
469463965
288419445
2320947254
230181328
263611372
998677099
373218812
2362826477
385349049
34867600
297995909
1568454871
34921977
1051061340
550967367
301457847
67909952
536161586
126344837
360652956
740145156
59596247
1055967090
192994237
445521080
245393417
244448309
39222077
37251942
199201311
580082917
37161851
383677408
976334288
89903351
238948540
44207260
964448702
133362998
327893733
619305762
313155503
43887708
1180335583
717597798
529304333
309828527
311348306
294196589
75973596
258258169
45282876
199590384
26710164
261165291
379284776
188270401
702672002
1117397911
175788175
551349329
84804168
213238437
261300393
377333995
163397070
1702442666
474991399
233860711
263594307
631452135
1023495146
304387774
90942351
623081344
545267669
1201050908
1042897598
196537361
415005334
224215860
1271750894
1092435266
174966941
566128721
375039960
960265682
72009744
330928129
1847274864
228827465
253188433
198175109
227620962
89148409
99916297
420273723
474656043
342268628
348897568
35765498
247243089
22534191
319570762
320720773
516210193
423409928
546814300
1042213003
376613511
342980819
336568677
624066115
59130504
176711675
713915622
63665420
236145777
91895551
115754917
60965674
856174849
318402089
1026157122
29966255
1549100202
263536060
76909226
8219762
851534388
321202287
292344587
373032307
1364613277
309183174
866090784
964956936
64981591
305006788
1596123433
2289482097
1897700616
586710264
49952024
321627729
358243523
149426072
330871244
102493201
43058532
272136330
484475806
1310612682
100531377
214436879
87932869
1632693812
400672059
211529311
438502097
373835148
596397553
814973287
201217375
1286224790
225811380
348367368
470859590
1262603719
491975773
320690495
259791236
283493174
210016770
476142501
139716991
1933868611
776332460
272263602
1021461792
142586745
85545516
192494763
81835300
331125938
46131522
82945968
46371741
244898350
461052421
17862263
196469948
335451597
1021568070
355456554
359282556
164993830
117017113
33544923
370663331
532878962
761929669
1444518493
192015295
1317766452
460242963
432581345
47381845
193219689
330751853
589019674
25835958
295722222
707572284
34898053
42596507
821206904
20421278
272379075
267220277
330873215
624077276
74025708
388176978
317901641
130134765
594534862
181160489
501721882
495754116
194931279
793649552
485360183
64982928
1458022681
293059162
51419303
277447915
392579719
1249542757
330236298
16670298
57080671
119415139
150258964
1633036862
17526345
376081933
171006513
33489885
307184405
266468999
1099384064
1688229283
62356713
170063571
75748673
2150642253
249263342
92247578
30435650
408595049
612474581
465524908
91068181
327450196
1266484620
162346408
338962248
34885585
921171696
562628776
331474061
337623541
393485317
83988090
204284788
435834273
2215920781
95833280
113687556
2342847579
343205796
1111421304
228580505
69080007
330260812
875344770
187972864
35727352
1752277406
1719925538
823013162
271614774
465623217
350940354
421222102
157921628
234404308
424457304
251275374
118742756
234789296
971511804
513454301
439837508
299620520
2207558596
44300819
197171096
616466386
199627668
163363893
771166430
109519856
116432279
248149602
353529725
1259418644
2351790918
213608080
1008218892
1075910622
143366405
209585337
25267586
154836471
254496086
582725147
485694144
18354897
1887049602
334545135
922772072
54166021
532181524
226124074
864286554
563080889
1077849278
15863355
1898424588
291600185
634657922
58734463
433233437
473948368
20777226
305744623
35437505
514069452
226915781
23338908
91964169
35702528
122389673
39531974
422807039
247881929
879390834
475143693
1425031466
19330195
393412324
1242966362
207923418
1487979979
190153650
825366236
246715678
230721015
33870676
83205981
167337728
1101694820
508595141
180274551
68982253
718076611
56102819
210786913
128642862
109493141
8538202
106635826
334661984
107534683
76682843
428249676
235147595
356049883
54187704
230785847
2175530368
558435248
332177139
881825738
537058552
124957136
45578093
570139615
572613654
263637492
985976204
716023693
310366496
387600716
216669464
784580012
346566027
431420868
34268002
253979493
160805765
378459696
94172873
313867434
399297988
222531070
390900451
16343289
849494576
279675052
285091539
343537605
295872841
104811938
1429828722
344035779
116754511
253253131
32854388
367896744
97867490
376642435
1577108346
344701209
303723156
38455627
82383168
174125398
369258804
29163026
1667994386
25246504
539805605
492941368
204453200
884483640
80825910
568947574
505917609
1271806622
2308329726
743202649
253981966
152983873
471218845
285558695
502058694
1322324887
308912067
1634926136
55496993
1536167731
132644983
715031660
240990516
42239780
549550780
454781378
171183319
274674943
270753286
78907898
90296419
1468320990
1230336690
129290639
41541891
587312557
924933218
210042391
373447039
211820889
1248117032
140781397
191405607
427428314
478902999
262097462
458685136
2404743867
147881753
2318778707
245725701
1575617150
1166622637
35715806
131459003
91623848
328400378
34878822
344706997
326939828
733362481
1355342174
464328857
1625720568
1165589714
337357473
437403514
565769526
787402004
30215851
453285493
1844426905
2360836070
248884509
580540261
483894455
826539840
44604360
295908490
763029463
182296046
854236494
412067923
241049992
581923832
986306268
1254879709
116253292
583604128
146509277
270327738
134334587
43889447
748900339
447283426
248904737
191793089
1272712327
481384845
745495291
115033847
1545221976
449538868
97897604
492892138
242228048
494771382
601852143
865787766
624575615
1538986304
490452667
47242336
1160025385
317356458
1286882240
155680147
372831521
50602979
2447775694
76868694
338339191
255668331
1371404827
1330863836
114526931
34880273
801943879
68925454
375281601
340762155
420271028
276877973
83063461
525290135
594480288
35194200
1184816274
417786715
52655101
2471009295
1147755806
365934569
39718712
297224453
457325597
401744269
74705065
878374471
309088284
338210165
152345245
1223054443
82899496
259827319
305747968
327962709
1543335344
1620610459
377016091
143726276
85829967
635361940
756699390
1866711482
248086693
320643858
973814779
366437217
2292530012
549868405
273884380
1554912440
858102102
353053268
233477462
322627164
259149989
150952629
358076559
599869779
262151957
278499576
245327644
281094240
975933277
277993116
245642878
506052211
71334485
58029751
274898640
465748157
373872808
65643170
39447689
22551187
252989987
59559885
223197686
106829108
96853882
602529382
398083121
598724814
269377293
321222829
63137430
243128902
229080283
236719396
1588783159
284038022
72969776
358633395
540006463
44091095
32922578
229364140
231690421
106370523
326022952
361115773
366002379
236048974
208198739
178011066
308624934
759757285
263118638
402083464
217563805
459303312
376729123
206558127
331413332
43505842
347124482
768870025
352355468
593579387
283662018
2157454815
723747620
766351909
823544719
373216697
377869398
341934383
140404185
179074167
826249062
364297379
403506826
34882586
607532652
45084268
47560290
1347264380
116378672
206991947
1124489688
271866169
130917277
271903734
231440560
260701858
393199605
38474161
155970952
326217960
289840196
2254888479
76196585
587363286
111303032
125090850
1168188294
23414461
37174828
92972910
428274035
225342226
330898895
117149289
1017270174
1322146543
312006905
126528926
599985651
47576275
357441005
168580060
1597492279
951635390
542770500
741087258
1543761968
51015564
1413711595
92522875
296183855
172761224
94066978
218526198
431891342
462672481
42372285
80542327
212305026
863025260
1131781562
302040401
34876920
496641096
312530816
48779312
57591535
357475069
1228626283
19970066
292766508
146339749
612453342
79934511
1654616504
1003625930
48699447
276854653
730265510
394081681
38143177
231318839
438072681
507494286
74774693
368872553
275118398
83903147
182732437
72491507
16266841
430898807
1329058627
338878462
37717860
71245454
452839251
92029400
81870919
922685190
1446045240
488171606
545082133
69846185
489277050
715531843
393877222
22838941
35731181
1168464746
1245997825
468333081
143195896
242277515
348239068
611915974
415151042
135853545
392176185
726325434
35174695
533045963
579320364
226518262
275672673
511487507
236095557
271910409
619700795
245785774
346047368
428182857
1936742870
1383681475
35018084
392754109
257414500
159059840
417887074
373954850
209673791
609842045
715601601
475688164
1904973241
1341268147
483407738
398063913
221024086
576841694
382566246
273088478
445425910
424041139
787202611
862634520
28308662
304992218
307260355
459896786
323940367
711022908
318266021
212339760
582055231
207094620
50656529
49248518
877875686
280998260
2352935829
56667769
74109659
427402358
328429158
519429961
451995303
330158338
1263881989
168151548
383883771
390600389
238148933
317056950
353529679
362663690
989415151
362584432
17771439
582650343
1475816196
556077797
868670508
929313840
299688865
1106548202
92464314
356853582
267100039
54473906
64402314
29679020
50598408
927009426
384735282
383691283
282031699
356695580
16517337
28296124
124893371
154215085
118671723
619693175
17482172
567631867
1316347886
190949912
861899820
266423237
248284978
320785916
631297859
293062879
213561621
295608231
240828733
196941977
35180908
342646582
884645419
87408194
34890585
355441615
469224648
467676396
42091231
2322267971
56437520
102914594
205273485
150248849
828093054
1339034090
301862536
219222106
590136835
621865313
251175661
1003919982
121361154
329326783
220016361
175682281
879895908
128490536
68403081
355347133
633112379
231862232
718693022
940169389
464508419
128177417
531242444
33573419
469226868
1495801274
515795197
292841664
334751077
1463856817
349183689
471783764
1249685305
1642651135
2485828629
79152139
302018307
1116296552
294026577
2233445469
522007160
481939143
40482312
241848624
63418742
321578352
388183736
160493753
479720918
55163242
351516509
2336219074
197028650
416837374
594486497
843456680
462764737
88108602
161237822
250957288
394442328
2192398652
305424003
721035789
387324124
1372209601
308767260
334709565
35708359
404306581
27301793
118970345
389020087
264821728
87294985
306140800
236758090
77426218
76893666
429812894
25990288
382716204
110496212
89436307
957403910
878630858
214984523
474937719
385634046
294226884
106407527
300241188
1595823776
215589219
73027385
572435658
784768459
439828436
135955366
791672131
129990525
463106658
592958603
474193307
2366999350
621708817
632981954
357638075
296268699
284400066
230084510
378561900
257083888
363058135
458846071
624678771
248877184
358126238
470994875
65908471
60849561
273323590
618226852
128968501
472804948
186137151
566106236
16611114
472652569
297923082
1189784358
33944683
1960788026
461157793
244932670
78637580
416278287
423644278
36341674
539794072
17940954
203960663
21382638
433303968
861928771
199616045
1906702532
242638800
736388467
21069555
187166132
1139346906
323114432
486394459
175678272
236770189
85594909
497658811
240634167
381655819
184553175
86038734
180121685
16650009
1904854298
114434674
304444859
394590527
454638102
635364675
314520509
1603344836
2330234584
184713767
349561751
59380332
613609362
1317258470
59786146
1969589102
581690343
83601734
415708380
109995997
139022259
120748081
274414548
80620014
42014740
96949319
32829169
1183238786
333981120
169118174
445561895
16297540
330300083
1037895601
455719388
487574406
613458462
103218352
1555886329
31159198
47714063
545357176
636903135
598404504
191435091
1289678539
367905292
1040712205
604293323
61475876
595639886
231361710
501620258
315171327
822075002
596299096
520716555
300112170
120047030
347835830
247346541
1359393445
440716745
45562912
158707490
207424222
408080431
323211849
192877840
349035942
232634192
111011455
33954582
2272862001
869626489
468315752
976960885
702873114
1701742824
500513312
1100537353
46656607
1068034418
238227227
1917145368
205703602
1659549254
371210290
17309475
126550357
86032002
26001102
1820454296
592743687
1278857335
354416132
621636352
21382184
421985956
2162010988
304346518
261718264
99079674
634439337
213637651
161944052
812910468
253099955
716015951
461920912
269672238
795790824
32454067
121022043
1019186234
2301071048
562310325
453423699
489449511
373244371
502560333
90399171
56681472
856763958
989564090
279922653
525770860
766325868
128448541
396178985
42932549
412378465
220479453
628178066
455815448
358845896
326120455
1721431267
705531775
241147475
1659581252
325632657
365958037
35507931
2175762541
479531092
334647851
254854400
573691265
1371742658
35709806
235988959
97977845
619914778
352241893
377392360
378479065
1465092408
384700387
241479253
340751375
33149863
289368932
2226579308
161228501
162819823
524155175
34891510
433571895
32379140
328915779
537867547
189038820
293592876
273831322
57907663
220673827
574708844
354431036
956988913
1523658954
953469624
25054509
535183359
68117279
995231382
316048136
296367129
895596338
69587930
492072796
1002408902
300118409
743032598
317022230
209492329
241446946
412038643
542344935
380958618
381951000
88901695
314173103
190198021
333916448
186370928
1275542545
755728537
280528559
72857783
364967219
632965748
1057124635
1035633180
57099601
78529187
485624840
305498105
156927712
140013117
198848970
326063982
538972135
301327313
616145227
156915031
74134611
114305158
278510863
66986201
458221972
367013587
250532368
417730086
344803593
948067448
2454274648
469988776
76936379
234275904
270793598
278960071
1256275638
229973823
302765555
367820556
273319277
42371017
279177238
361835809
115141256
751930201
274137825
117671617
370636782
1927216914
356176596
47883529
47057358
284924301
477649148
371141420
1124743302
44856335
54155589
1271005207
749095712
419286416
374396123
249592093
82843143
77194531
167005330
1214808559
1010643175
331840810
784899493
193843580
535256013
908157967
122582076
1428539287
53370725
334492744
194502765
300232918
285166700
326062957
90842438
586728606
119028607
317738226
196563744
326871081
777625681
289318492
344076015
63652263
212872459
326715750
385842475
191189900
377981208
102655307
407486809
326664153
246406149
110232332
417907565
148460702
354793571
520556336
412261306
369472611
256901983
440918746
273316193
413015172
248505076
271374205
82325493
632991000
469939037
241851563
1125146778
396118797
1128813432
364789071
50769816
179469415
346504106
94666900
228380994
429148482
37194931
47027638
1578640034
1667412312
287055554
322224376
262901211
1356633876
323948690
132907839
34903119
531404232
291657289
94293861
59056859
721966340
62112743
292906868
34925726
1896480163
1427968182
474188502
83587699
376647752
233167574
62462823
477293871
413986374
552526471
631295436
111515998
346490512
237303028
608894084
242811907
456494128
394165559
185646109
314413555
76897758
87171770
68067541
280581818
232952210
378725004
210754894
386067954
176151871
57904062
1362287360
462699753
19110638
1341199466
63187054
63941027
230427651
221286675
262771395
438954635
535734379
839144653
297240634
283569368
63068400
78818566
98894404
2407266949
351530358
35508087
576513837
119693227
2172006592
51489668
796282933
1410465853
61125588
514419255
498963528
420942903
70947299
288123167
196257663
240661669
298976365
167038002
236711630
350422340
215923006
71242150
368860120
366538871
622058598
20131539
1083564650
363579837
257121949
251043065
121805493
414526012
210211119
373292399
358208302
267021445
398677045
307880747
1173634794
1517324876
459925439
478324378
53734983
307443766
634717498
317729101
1449394843
414855922
270378247
280612023
41133912
504750647
617866372
2424545015
227380646
512028151
490114391
407037462
46363748
337193951
1688385858
829811148
306810314
250457919
67922238
331187762
212129220
327328201
107742355
425090451
246687118
1901323051
250972155
840093678
22738769
480295789
64200196
515730316
745012501
180874834
569409708
89434169
391524365
37896120
804561146
361977262
1133579917
723431868
1884639625
38636944
170734107
235121059
318905783
346584763
90640725
243634298
213944308
309158971
605276354
52094876
135056135
1181182800
177541507
272269603
344678343
347155488
873312703
1475462029
447032172
636214261
550924922
501936777
174274926
281871547
1145534334
456713376
23420256
171437138
457939050
274856809
627462292
260204545
208701384
525062024
56335840
604502398
355746029
81046789
1125785251
885351386
51973567
454144833
87681339
307794093
469520019
1389859650
1600216849
253615074
749418427
508761282
416169464
281130059
102619105
76338716
272918653
1682940793
290707887
340367165
130077178
476688677
58732865
787884997
340820100
546602999
804585223
344182497
34904136
17069292
322780085
452851241
1946288030
364963232
363020497
238688710
473633838
2203143989
165770114
108926876
294297338
743221130
635277259
241942131
193051224
186402562
314061967
355455644
106155202
547099738
273308383
365907975
80803455
557065720
364235915
115717517
123895008
296206099
163084802
117063759
21195913
931800138
71190797
250506400
472763075
69907557
562311064
251731061
213629967
266982251
758780730
548746378
48095161
269317095
217178835
326032090
626376798
2375201424
969294325
2292107501
370558423
161689902
620451395
76323805
227652473
68185997
1439150191
1557099924
631046508
234314845
125666070
577089605
493750539
282531848
296656379
1116065412
141085657
138745629
146407875
110701505
2278553356
1534212378
35699817
478748366
401880810
285540801
1281174865
371874637
585944442
53511664
94783335
943530739
1376423960
376073574
1247861437
70702697
1157316577
1189668572
132238862
68141324
594517204
89888495
84327186
461326359
277164468
491206525
920929771
303260663
301489373
66678777
304385962
232151425
830566837
265300964
34861205
47891834
46849237
36385154
774075182
123335508
34951330
119024968
247284477
734912617
183589485
84087151
343539593
960932401
46142420
236936818
829154826
216639265
2330811455
326652336
269835589
783256032
709103807
37638696
95009361
212694582
45572048
1353636613
1453511042
1355453300
67047017
148283520
176018808
123489461
1273058574
189130283
36596967
384455973
845089345
610225831
469603414
211224646
365350352
2512141651
937197475
84285374
45580446
589319275
103326908
242229943
81860662
321293401
369523665
588444903
336531245
1150194330
91793835
707309090
327857567
155551674
67009957
414618961
253944657
287003925
2350544763
598096339
329234285
249107232
53021837
1467096307
17152259
32372393
1364970024
67008662
31369228
454622846
710801936
604041702
189646495
46872087
152352910
310317305
2302843784
221315120
1549284517
300665361
185106256
201182604
75252906
494115609
325988462
482180262
496148195
74398638
548315609
213647089
492564032
224642318
1307446892
1034315144
552591574
60362648
333406984
1929449588
790070664
1305374934
65005063
367990498
54145916
376634319
784353751
202628728
484579630
629290226
1562364307
1604155002
625886139
368267984
519250142
560965051
362386848
448119149
162968954
744871394
41856198
404153836
67348019
288757253
598722928
1159956900
83356302
456692036
591881716
117995287
407636458
52178306
2178019226
284926561
152731361
198091336
36584153
1116825271
14891141
197381165
322893337
356115110
267674026
27612970
70388379
35257446
597449584
47276331
33834710
248277957
316409650
214495916
266468241
221362368
158723090
1622102852
39533765
2148225557
226842687
222718023
366357607
475639582
364895982
39912774
424592998
882345043
73048480
1335030037
589060155
316981458
534358680
29987544
237241738
313174328
280933592
2198999450
213265434
611627343
240674235
54509244
62574533
150983931
1343821104
55279576
349610270
112413496
605163685
77758724
387594051
166052117
50561703
2211218388
323096428
1299859170
740000942
371925781
317114485
69284214
1139037030
71534145
115374074
273905623
364299317
382583165
356898012
94401233
23559117
247715945
273260996
143733415
413784436
160920100
121475800
70715837
370090758
224604864
123850185
242733595
152967391
261790056
115326413
1625107172
96985758
582584393
1594057418
178285981
1536007561
480178227
510158749
1076652140
1615574875
995641880
491387323
465738893
398600392
225537180
16269450
489428120
808524690
29168815
1508071892
441649414
105444565
553053439
89194261
101277068
333658124
34858057
44083719
364465743
438995099
291786907
110356724
207622465
606239954
1312976347
301528179
431539585
327549034
237634637
230279953
200472908
295553631
209212438
210736666
259680628
60970326
2217181683
258268354
253709018
550968406
218183884
717741019
446080332
383795598
501116765
324349979
163454836
700697166
387729207
2299090547
436403822
223721856
460896927
2167033689
435085349
387652371
326838320
249565814
605202716
1618506858
606253776
300676891
213753611
226822275
581663165
150721458
157251541
620129606
1351289449
210204083
2208776912
218834307
621803075
29664268
52116242
403476670
496759597
424992840
310800571
66641120
594729817
319560870
569418429
27218913
77225758
189170085
46243938
299659305
247293452
181111440
569159732
1381546418
2220037758
367107375
2308145701
91587904
749511318
315690056
1662091260
212466130
125052204
1462677044
343426044
22008570
842413484
1258180656
270237750
215275291
1344119382
358685134
36181833
1642978068
279979943
271281295
114962140
259832963
280982289
419575935
444996133
2303068960
545408809
265461454
890648551
1089830179
127319812
1663838844
388179094
128908301
363019809
218471258
89162008
1262140771
735477716
429127204
360639462
340404637
153752397
244090741
443630820
813195918
267711709
409270764
114396856
40876476
452877328
1031049919
755171916
541852561
1336143469
356448977
282050645
248625361
201195240
443539393
593981942
72852084
1044384576
325439053
538078426
190617086
106050133
535155761
73201103
361984914
571666941
330282343
18160464
364244109
435167238
499113966
309655024
190582249
369044851
359378483
362591922
129715018
213707360
26023461
1290992688
587228844
297289634
70962319
350782635
288630356
603378672
217578375
10996022
116111940
565365342
733081736
485049217
630844804
815136828
1271922228
113399383
390769024
323458290
1017932533
402730696
477648948
480917252
2200645157
301971134
1116414530
55795877
1450910509
337653606
133693413
130823142
1705174927
96963179
426411149
80782968
1114771999
217684271
375560515
1035756230
2170486372
325579230
856286179
767148882
455608204
18866781
42368004
1094404820
38615139
736749584
26510208
421051140
308750525
454050666
483738231
1214482777
473897933
371115625
111288876
367810118
345965991
281427037
58560046
621898767
341383787
150967209
385293152
549118188
267169546
2154686121
332928881
597987502
1514419688
599096695
366496550
268258907
91336628
1943122872
906003937
309212418
2228357914
124416051
128517074
1236405553
451481857
626214838
318997957
281530396
834809726
260128812
224725093
1008292496
250059875
1028796091
295734032
1061112968
133251798
304323938
943783532
52721494
234777963
865169455
497623484
1275636468
46887567
146023500
42934072
522965085
584727153
257476274
141102709
263135341
234495677
204331123
513292147
1108361401
346741059
404843019
262571503
256137847
141983954
706535768
1280850368
1258857648
32342253
413825469
1114723945
420122205
16589621
365855792
427494333
356213812
313179771
804044154
550888999
1914140024
125987019
495735191
45555863
194504393
481176688
447955184
488686018
243682779
319735258
620800621
161907534
361725584
319028749
75989362
415116645
1467749623
334264839
236706678
576066680
383201603
358136116
555839745
1448136235
822945798
1280159796
603705105
402445502
558695652
49590442
1044318122
239373294
253523744
550827199
437251763
2171931556
264048352
245345549
196196183
1707665281
38648206
199188127
873298064
46640442
611492540
1034477094
67638379
342296664
297339996
36343192
292225026
35683475
366473141
532297379
215944542
571096944
297864143
55145176
111922973
400576332
39241183
40850507
56688704
157243009
988167895
609428067
597282475
191228451
38665870
464132163
314996739
383347938
23569796
184470651
631979430
32339988
89654004
177974757
122032915
965786906
16185700
517597951
759483325
35711370
588079607
34957219
214057802
310286407
250494143
1053386712
211512949
404664547
1244393107
368911149
28089461
112716992
222475281
359339336
300738349
1261754004
145648932
489706650
125885106
2176205177
473797638
40839236
342139701
1541078755
233268677
303917316
788916828
293532794
94079438
1190421535
592670356
1654726598
182819354
1539138978
502065565
127563262
221991073
912272132
606147319
312652553
572921273
1211313014
448870668
126262404
918454825
1208222023
138092252
36068529
273946225
105415185
87146101
63059260
17701374
76938824
958451311
244049206
1412258593
248215472
185160232
193293379
254427027
481905380
59100905
611116973
205192171
1851204642
1447789470
597450465
1860330576
220025026
34945576
283467617
21511168
178804724
247935402
544946311
52444676
1161276487
331525872
1386753938
176199867
2240557432
144183166
1408725092
1166286926
322718516
87878021
265990882
1261513916
348410223
608784777
109530398
89166002
136607984
341338335
96303424
203715433
559865814
94312418
255093303
382199048
80469377
35696371
295133620
886244358
361864138
277428297
438315999
227071563
265841705
124246407
608916117
205713020
42263625
498729231
1037625799
591942118
1400592618
462871952
568436454
518436791
297973570
15708075
965737039
420337698
587247169
367057284
43494914
569411236
316347652
215031589
65326712
410087986
115402600
616419340
163356774
20490841
395015340
574514326
41268467
273598427
199571068
264084143
113362500
2188794342
38382146
321260529
61394983
25805906
373213125
44606194
342192446
112448683
1459645447
2342778935
1648451526
714307076
303271202
330325859
432814304
612508448
44326308
540114476
40199395
313175436
480328532
532865008
340204101
467673307
65585444
1218870061
164803406
1141984488
338838621
145232210
305523537
86533877
600197856
629577532
1286343481
383345049
19555501
1049733577
155333093
213202049
317776778
1724866482
314640307
235047121
74190547
711679694
555234771
586900641
2342898821
36627118
298537920
892725025
340200956
295238441
236410675
40230681
251493937
22638352
297834484
1923976910
467131544
365327238
393550109
484600210
398264305
2359208221
322585148
49719169
877257373
487683991
259556805
320701308
329046863
1482552985
381473563
633857749
473680988
226988271
973496756
190962611
75759032
1306625750
475938830
188292612
66315445
339185828
297363942
245277878
463770396
2267357322
184122250
418985271
48155142
811573392
299566549
397387511
293854078
249310858
314592056
29187562
201382242
52367998
539155030
498748420
199772515
302157651
430441968
193229185
42070177
886778402
51064279
323088716
364995020
323744989
345354902
133327226
382183147
569383744
166921768
512882596
323810386
345301745
36056198
248597087
72272866
213621788
162351319
119451102
265340445
182023205
305100253
34389453
755371056
761663430
819336937
37287899
169961655
113881497
396451474
176811390
186374311
268207818
896863988
80809183
209532737
402856806
628252689
56952630
413040413
365995971
104138594
406779719
84785716
417026788
15413755
324713763
1127463841
222510479
1070027066
279719442
2198169347
726098629
387244777
41797648
38413152
1512827400
36668307
115082985
283998663
1168283322
