481003383
813063122
388110652
32829983
464413324
791168736
504369729
179024257
481284633
34652780
1929590184
1430309616
1887043237
242624567
223918168
1471585154
36027661
31698422
45514652
44312085
767236405
247890518
40815157
606325759
387564274
1890877170
955905228
38154452
21175591
481782357
243527740
199374773
745268408
145175942
80263173
115718373
86027743
107347751
338970927
83146550
213968201
50629730
478545215
1063728446
111030155
1636684584
755057000
22939150
287707363
992811973
1134594974
280939489
1236041095
496927195
147647651
87650135
949825249
1926743676
182329765
216581726
1598341050
605071724
481362651
214827100
601095613
102924852
1706869147
36611759
905563248
507504528
1493085121
60560680
22040309
259238087
34879441
435619461
67588643
1246126640
2229365887
1586698914
45178310
44066427
470123958
36910451
566976622
1064899974
400835814
45294614
368394860
68149772
337666399
34237457
38386487
994993609
40855222
1010397266
1091104554
303675211
361732798
980669526
236797820
245382904
584469740
1516684602
292391492
365565341
301471606
125706765
478526678
248613991
92259340
365331748
28380072
245315674
511655923
264261261
347829246
1619941512
367685354
953159550
2337745341
1162493443
67578173
605186464
291734764
40838908
250154979
1318589863
806256618
52064442
1197937441
256416211
1329938755
273965400
467205919
103886911
383601195
614985549
294807699
1953832243
381409763
95874883
19696821
437745717
84253913
766357160
271981089
581688259
278083983
888438480
622625272
367036457
62022043
932749303
288007194
767477826
1967235618
364207431
608404459
481241319
441646878
1076045293
240322095
198445764
621089993
283507030
1017629280
203926842
76369944
1491179670
1150577832
160934275
128943953
2257623178
269800589
301411201
499536495
270937380
270400037
49440914
599612823
138345171
329029563
247831984
327538975
288773012
235086048
397425795
464612559
575473684
294186141
1269906348
373812657
312801822
30630760
216703808
1565942798
1521381708
224134080
440652283
413938396
999560558
66959971
263775297
1927506781
578913295
251057654
473935083
245869836
373886906
139037361
763313683
2419633965
255932728
396038001
351073187
130917566
1155003308
407663493
70955617
221353064
36622221
35693544
327358339
288163226
484851276
275136179
308970787
446934598
9419912
114742899
56645744
393395135
305540622
964267615
1355569873
2148145551
296087867
133173252
285537658
547772388
1043233764
78625640
316295730
1076593747
183769414
36319175
66936546
127226237
271533280
356219774
77458175
219193320
23775974
2424039893
318482879
514607602
33392558
796295450
78891077
238554371
216318662
1241877931
407668466
265584206
52690330
70340720
188874575
373264115
390249130
1313254568
281486099
1459975560
613245198
409171358
271978537
1475534682
349024188
289972207
452818868
47556406
127847815
262634859
68334859
162984153
89663054
922791572
162978587
893229067
51474139
463768899
34872937
1288461505
224984750
32851920
575378702
55502543
71786155
403318210
279505588
560931440
42576024
499920078
161007555
129187168
264947372
367734439
250068051
1341744852
1113520729
570143877
234708704
24165440
95191931
174205592
562056942
34885609
314719804
463904233
261329129
1438316252
163183774
2295725154
1010512975
87652213
52343379
572700106
1913191627
359805752
169597767
262050713
369460449
1255279466
287148046
159084832
75616195
475010982
365514034
305064742
1427672568
465406065
34582201
1274100680
379298769
90593016
253041947
304556931
37950025
163020042
363243098
2250787644
56321672
859633224
2339151519
1129107780
585480855
1015286551
218068088
217571977
277050811
465885693
1544554705
406960998
518620347
1021557133
245659232
227051935
243128161
219230271
289588559
35206251
292128714
130785836
264117054
211176927
1235489832
800639233
2401511801
70079789
595643304
118750693
333230959
436567090
184339374
404631128
10432142
2365669921
574813971
424246042
60564844
384350415
37697499
218710981
593467868
1019142290
287627830
364931254
435816171
1637040398
388492296
1079123527
276415162
427514058
270408332
56635949
198011751
369582083
391541840
280004063
1726177285
572749413
264129751
239771138
125969885
868136676
50564981
997037203
292264238
345827706
1454574210
531522699
90973928
291270697
43898937
133711167
245783666
486364624
2323274787
256370669
51044790
420276719
267417640
170046276
35218611
432340573
265993164
463978459
2226947022
157642832
539927779
381969141
469057107
103219969
243503981
214039131
382230948
1186677164
39033897
239513676
212334739
228669881
1854825420
130279862
509712124
553171464
701614069
469237276
270216745
476091982
278701615
1350967681
1464000426
25995374
211886231
131948916
563027440
385811037
262094844
293452815
1008716832
25972265
629304241
116745178
352920824
305402657
395901388
462735614
477751093
16128465
374017320
598635903
127206897
73434413
335324042
1112920424
2155334755
238039079
68134366
2207385898
34884981
467274061
700661199
63077228
938919379
169476748
366081024
35265861
628506789
338205986
80507150
172324644
299569134
468550638
294929585
77994427
1381505594
2180459949
373852701
96073879
350869760
501897011
367755236
83589911
30009384
1574755440
53638716
2257465490
241451239
165315648
331589597
146791364
229508625
243286533
599260566
230742201
2280992323
358662235
210816068
1358930154
267733839
475665618
78014686
338319928
50590715
358930410
44303499
59991552
328440607
522125466
1365370602
375522061
81145139
128814067
65835384
246371000
1453355029
110671450
579784030
74546831
73374014
391651488
34243699
81806803
491047134
1514205956
41855769
1727572580
104452841
600391388
290996666
630313285
2369332535
327270881
44852919
1404415171
367756969
66463142
94388633
952171056
41326369
47970432
258771270
194953062
588430473
798561446
53363194
603464150
243987233
964227314
270360294
433937377
507427284
1478316127
240607166
178551346
746669167
167332839
19231117
515226404
253928711
248204246
1680940284
308395238
159359087
316992626
86111222
372749350
505098211
394527385
338191464
467625180
68931580
107124776
38121146
1594543410
966727800
364969133
1297449127
1943759317
1579780446
372848459
529221669
173484657
284070409
296384911
335881808
58762399
239839357
869625116
323106381
245544501
768329635
223168035
20661028
95019783
364706194
68792396
2204731159
78932774
1155047742
437726690
140025597
28502884
130104244
1067745080
42955445
317720730
332330305
34996106
532475614
461222361
486491087
74086897
622690851
87503238
447350271
209980427
219701070
1006515332
42589085
1271915407
217422537
74558147
251145999
318340361
25479103
281924714
636779498
382048684
321839989
1461238890
300476843
992770140
366586551
280129103
30674081
426451227
89689660
428803791
89194830
2237728444
240177859
65405303
149558776
432605555
36046255
1853927148
377857519
163372916
303136281
246676383
75223521
302445231
1891505497
1968536251
125596349
92757792
317596300
839342196
56309640
356157170
722520157
364210637
36308478
185592178
1178824417
326619625
915051822
400609354
105896871
1129252176
77408230
501975214
372181391
449730905
521166212
21641503
1927557667
376775199
545012271
70452539
1900362696
336029396
897140082
64690985
36023760
2404671291
344657083
99104358
265440715
337074431
142697523
235821673
46447967
224180136
1544157908
222773160
230199591
811708004
1893329388
522074079
369027907
628735143
431895050
99936405
306140775
481973206
386593706
92931995
398815987
2156063794
633024601
1489903446
903822751
306082891
765859009
1136517151
290972033
53125149
309597384
38671739
850338547
36316015
348472308
468242462
276088331
45922401
951246768
34924480
39230997
587568297
63402742
347152365
213558869
552913724
477408807
210523344
313442348
752804688
1200344191
463057051
2204619379
141563807
1883444773
376664153
219592459
181111665
206815049
384338775
991540188
179960364
423286684
68143708
1970922523
369429995
265284282
76295566
341543338
67596360
173365697
83643460
534135540
1481302177
195692785
243548575
100135751
2437039291
1384507194
1290718141
886675206
939945998
34895524
335698876
139446170
37041932
152198331
359313434
1265215855
506107951
1380235170
23580552
635400424
291311875
1189537843
310042692
308523825
376855837
170946747
1514426934
297907955
1688544120
476946920
309520439
201158331
219340893
1231595977
252466394
1344832490
89131351
209077125
53536007
1627700340
222504948
75789357
210488936
296872851
111298962
435266918
311448536
235889850
101806890
143508412
35176996
56138069
399214036
767571990
36830770
372455624
367687126
41355018
137046826
74502961
48701826
859223275
433474683
221021147
1025818555
238933792
535411268
446742956
70157879
5376342
365532201
341975878
248531882
16254653
504213326
324919952
239310824
125345864
35700672
45374469
115343885
277353943
454718981
939092563
538309726
402410605
1410605041
789628555
1856338574
34671756
97393612
744893690
1050777632
119062615
297308901
214442016
333422566
759267199
267208414
491465295
1677430710
255581483
549983408
128229885
88810414
137370841
111035888
775280089
734425104
94510036
403299745
316541325
1715980032
6822912
39559418
292870626
296152192
212100226
43305952
462859627
328430040
597315119
1221372985
1444641876
23463288
361240401
562946119
469284532
126284111
570486011
353673812
174136334
347425683
870032130
584925952
256067433
1186610935
62918223
342790868
187403672
197052868
367954533
1111838628
584906393
363676680
1400114755
147507118
436525065
57299229
298943538
175025095
1500734028
386537426
828419550
438318291
374496745
1177891776
66453944
1954315244
249096539
81085735
264972207
1379502523
1734885433
273324717
260259062
97286505
636888636
262508059
545799874
370016980
351395202
1243195291
172246504
1266304496
363184607
616534554
36345203
1847914950
70206175
521994696
277404358
2349730830
2372599131
193258792
394688039
16556926
1171714471
238109536
211466940
267693491
87174862
157233189
89637995
1164999704
982314068
125615215
558602313
47060066
8780772
479675692
1096237878
295045549
1412082548
525643980
460146053
219062874
136425718
121543398
187257767
86701516
320675322
41903342
86698459
35767411
104781537
330321020
552478762
13472172
1254549019
517935777
36021046
36949346
1591114986
1879293818
368784411
554923991
253956352
500884516
547634240
91751294
69556193
108255410
34207961
551087864
385678282
163479503
594018268
1724590436
385818500
43859368
263057862
175725999
35434442
34892348
506902854
338986166
465979998
304975568
139521254
364162495
229433434
282281400
333460766
126071164
176512026
328940066
439836770
37655838
238051725
2199296199
358219641
539012516
15821173
1172532372
1022566530
275464552
323055294
125920715
142976220
1586534209
27610289
1580340949
38471240
170990419
296793851
227588475
109191622
424298296
340123738
231422027
143406363
306107468
524069234
381121653
244033113
412888939
92218398
92974673
412067009
446349169
143516274
313360316
1509908532
435070483
168245298
248223683
521498384
123806985
625661083
18799449
603745893
498609105
76697688
188009818
371241195
1218760579
2207046630
465676374
2239016385
139775487
361260627
1287899034
233259886
1516179499
736576394
262573172
440733829
1175181133
247672429
481899960
1324161530
114988902
232519427
502669533
1851303498
79710095
1432611672
1259636515
88658323
555771332
2287920916
633902394
241832012
284915958
381388131
479782444
153008464
828448958
43066026
248188221
1233149780
185746968
35180035
416648843
145636110
611442566
407093251
382706457
367596770
256858004
576681778
373880095
403379782
454128707
569346375
20739357
209495550
1910788069
2208895963
920498762
403645715
594432973
997443931
18003354
721317323
722520366
46411068
176163800
401596750
432367604
447079180
61800601
323964946
298024424
241788598
239036040
540175954
2192450174
41309743
569106943
50309031
42365821
46422080
377295639
303782383
362677669
282494728
487483900
326919192
134743247
389570541
422110293
613426252
360004177
407723526
599592177
81768507
34909987
114418303
140820847
101750783
602793535
404702923
392529891
404088765
154125927
216308422
532277708
1854990908
123187000
69873838
279127865
181559668
1506061633
255217494
407069544
876961464
24347131
626860215
216323044
81347278
562301185
413383885
485459066
1615238112
386192429
101195749
95419418
1322514493
38887490
242912016
100238538
322628101
393721685
1117576166
213267099
478676487
293331206
326019424
1352707532
1690525896
20913364
318684121
990744672
129492859
44900332
556197502
598345726
488608968
235545143
888396686
1960998463
371686772
533064683
1160141858
1381261448
989531172
1443987792
1389379742
99106692
36307811
1142293327
146410996
268217815
373937916
865939022
133608262
628468413
20976434
465704045
34633965
185958641
392113503
288716345
238130555
44874123
437415329
250805290
459126454
931370126
721603759
994568328
456647652
525549958
81308671
275948551
417956193
1621140253
242395808
367067843
124437828
234880442
105427393
55518434
70701139
2394624854
86059919
318253972
760912218
18374539
382327886
443466381
820983811
778488427
550058521
39315739
2266840461
720271980
190558048
118998374
262260964
359112816
270744016
88879689
470310256
220607980
1953794646
87893783
246684937
1545587653
271871983
200484798
439084880
398294532
2350369704
731233616
982118047
300408494
68931867
1503201722
1862889516
1934781480
1726334839
38820815
357384488
347950967
487231048
114704046
464579026
220959451
155532535
54825613
501066669
41088751
624903035
466229797
324260580
549557238
264320923
2189406742
446343932
1567797752
247720480
84072258
297343231
148642666
73084234
88672270
1516531465
1121085818
360024186
777904214
618897397
1422678884
17385931
44316797
446267541
1152126176
224607748
1042017074
87663579
423415282
218154705
1496819018
235214490
232548203
1445743010
279887305
18445557
366415520
1028039564
558376493
401194485
68126927
525120682
41080896
358185255
299862179
317107162
65156151
559498787
309560487
1291605704
81052422
39979941
360138054
744815821
98751101
329788814
124395200
256195239
515515984
246844031
346587638
373980722
298214348
1319084420
380537707
81111603
52683152
414547174
241458167
216329826
370603902
208589388
481255576
436485094
1295302200
1607587351
153358517
235922626
324459250
70659219
467650053
90654288
333472212
1727071974
412914976
581538938
308374099
147561402
378548131
408662035
504389114
34302186
81673894
343266614
1904529510
135901046
39251595
893501912
248053948
64688026
169136956
359346391
226483498
1699603087
1049701220
217077903
32847216
229103033
43490446
329570490
1215209773
206196785
143783173
114790276
336946068
34224325
429823390
216794104
588985970
1333947740
444720582
2454577924
38127581
2420258994
84644095
1125110479
1109804942
517651595
356974316
2511019496
317646145
341961907
17509184
55617623
229950682
30919555
360486148
39442469
606210098
261109827
1218795296
90811967
354358700
1735446230
1218365364
830833980
1614537948
254121227
207651171
99126930
198437231
190161197
408405142
443714945
269750726
58858110
401428561
610931755
1500656976
326679492
377713705
543228111
381029454
559302738
2536738401
349610946
19775775
353213923
358071686
378428403
72279068
36076228
301901545
537581638
34934836
861035881
622584945
237207685
265318206
99566390
79985725
42575792
375554871
95200136
1317013801
886625299
851128842
92003244
2199470784
571035178
2166252464
375540339
76641627
380261230
591707870
544069636
423379466
577240755
115995165
549378408
1898975209
267913543
64358148
32389120
54147552
45496278
204005561
215170954
66745875
49341680
68973317
522148571
831616496
18896927
277380604
82643960
365283486
233566833
306482398
494790696
943307719
488262962
1635175195
56138513
520121074
624825042
39466568
856828998
238078149
47927085
64163074
425859703
1468731462
41771076
1482170864
581003076
513105934
259198583
64109728
520583175
146353983
108562005
114727068
224704097
250665154
293433273
69094265
117191977
267778844
341436682
111861991
267604889
614348671
254429496
471837450
1734214608
14358998
632332430
212459773
123011404
375023454
355470233
604470673
2352123740
133233636
258764718
34869409
21912715
102095397
800276833
132650941
20970193
1461600354
2177948717
125035797
219977562
268739461
2310098528
619172875
120366203
263134486
347887863
541614107
617140464
494973268
1086019412
377634697
82841123
200107344
116689644
275420841
708023981
130749637
251983357
44128516
383288237
1101193998
1045453434
57341697
86009289
468542250
714983443
211077250
466356326
583494544
309737360
2420008781
285534004
606872678
206206316
65326958
86516765
204783452
938405076
412432421
45796839
571171137
361114889
248360437
56670168
849065052
412846810
319550828
585555092
284890795
87881817
34958148
1510913258
268136566
508641318
479626869
780377250
216302379
794562738
1012124408
916452510
2435672956
242428352
214869007
223904275
74975460
40663178
124715081
160001017
41882885
1100186839
61504678
256395353
252532584
246690167
367830247
305738025
453032610
1650662101
320945775
1043871078
308098653
21175906
360081612
167884130
43353821
98460302
86033343
1526437488
120015498
36941620
44157725
491963008
140776312
507245160
124104353
1898443224
1374582942
250536884
84009517
841664365
980508085
405434477
395272487
519781811
89234267
554344020
500551173
260633655
187856149
711261133
82899453
460315111
322600469
50589339
1946399893
1446388104
354212902
325144559
23747775
76619803
222427427
424917252
215769483
935317183
262651029
1178684294
115016402
1519515474
1288607124
239766136
526219990
190599331
407660960
108899538
339020263
454862125
1620562866
208942571
61442373
432482731
1004827298
826087004
129116236
164653952
400860886
291309417
232145953
41763768
536114783
71536452
432173101
1384611962
434043630
324260430
192492819
15929391
288200681
539909106
74771228
281145987
131865276
2162870401
487371955
322515346
304384628
1469940720
453191618
263737815
279148159
1125348132
418957964
1550527021
31670654
612603858
292842014
1353815881
328511240
35474363
91669584
866546898
291799203
1415152584
360611341
91068200
1005940260
1890644419
305031054
338909200
134072614
25965856
242664387
458268408
206127360
1926849709
517551284
135983428
42589027
228768138
1249793347
251121465
108575288
224623594
469230035
1090949701
188819056
2239058162
77961653
188234381
172711981
109849552
273462600
264179621
315182867
79988730
106074686
507603533
612839673
37474591
324234937
327856310
327324544
378626921
514104639
92530866
65977637
1266603638
84073622
217023327
337551098
268525622
842146662
253685965
186357866
35681509
385918757
324844566
408613682
20129062
410641191
521401055
178034776
250820904
86685403
52694996
445451791
1715724102
260442604
95383531
267600192
229178701
218240265
292186111
52352694
95469276
1467692972
254856641
367119861
479998633
226545790
636975700
302522626
37167287
37193531
164977200
237222838
75788724
44380875
326060637
295360917
340324246
478855073
38394890
409992771
262539149
1545113292
43064227
111611562
367846867
1645886466
29171908
622163765
405475048
512794703
464711275
367819715
363695263
802370035
53898814
158363202
289859142
1041417480
190995329
221118985
102597349
1150432880
347425043
350504765
562833900
1208274572
212344584
364742808
39491578
156933982
121731494
322634423
520573844
82312950
585425789
344979024
380802732
613443091
1716059936
1704456126
281441484
579097547
249557194
1121033994
1007772384
245706151
2371364137
25975369
348932658
177510455
455761667
34986310
314256486
505598138
246319132
303627290
424923300
265922003
547871311
290945921
242657340
383487953
167771537
1256973278
16448797
430145263
253594922
553847631
820902176
238151168
826949492
173955121
45537284
2156658707
1174867345
18674377
6843672
331482640
47326823
34670110
546586850
329714019
342584761
151351141
268138124
267242160
91675091
188648525
292778489
1159698926
283027330
486911253
274440137
75246840
61150333
1027946263
246786056
17310930
34873560
281911852
324256204
485743394
76594621
1254949728
17731233
267730274
286649845
627626067
243567538
364243423
919417812
1064265282
41155052
1238217637
154439221
607180703
94278554
1951200920
1011125455
486822926
395596876
214452846
282989323
120447219
864354511
1443505087
189054643
47094705
306899291
389939209
35152731
124071196
35729771
103253412
769503841
150965312
218885012
64698562
245043497
342174515
249645428
185120521
352191030
440108482
588361613
606607774
586768202
96765990
316366002
18556907
159137089
213977948
285727805
500870337
1064363070
455812644
53005965
580673347
135090383
127343043
755445722
240106595
82848720
1295404080
61401039
203864074
421828830
81105313
1245981332
347711831
284402503
1650522728
466243999
354818876
246690283
144462996
377910568
300151691
44335113
218806828
2295585902
438625744
430962685
602583821
75991620
1197043956
1132340042
206331984
221681274
284946979
264051759
2155450262
242822961
37628129
183515682
216301061
288761304
427226111
92957996
27532956
409383224
40832618
109801079
467315527
1899809743
195768404
123801364
515844396
513093631
182427192
66291778
222389842
252109749
361961494
461913647
1667913648
496802024
2202101567
71547788
429768477
126921321
621080174
294120523
44568289
1496600166
30195926
378616246
230265510
257506650
244052827
80605083
304259728
63435218
2249062496
767155718
592870023
267137151
262526547
306116773
25031805
1130192167
219642949
76451728
1416531566
494982220
275719707
347901209
554920222
525306608
209539444
36037174
180263119
234360198
40426635
267108500
376697603
325510329
1228365258
445280867
262614291
348776776
330356346
755207172
1130829482
149124070
217360596
1605772998
1242921080
15218903
1732061071
100513340
526175882
557319906
508919890
204264044
621242441
449637972
102058167
15024319
556167803
560253142
362696327
1200354468
160148290
45577827
361118382
447767371
1339122391
291541597
50937337
616046478
1706365446
468356200
2271299859
254590490
361988826
222136525
263595551
52000230
548319359
257867814
304937898
89671376
296226132
553450602
390619026
354281381
361936517
89410933
420546025
267286123
967562456
470398193
15686435
367289939
534079722
92216039
266484020
556877698
54853991
1413670706
104410771
297446990
69832038
154201419
274084418
439275269
1690171986
166149667
95207309
300246386
603847265
497001649
35172893
140849985
815763386
936690324
96947452
429089376
431561374
68367376
214496148
749756922
60844010
1319103372
97240752
341412538
252525666
72887647
716071520
387228876
29417701
964261412
208167439
338991703
269489345
344512307
272854954
838237544
1571037955
97208929
387905730
526361623
65646623
356446351
45518869
46768671
260278042
767876107
75244327
42831526
224401778
807452558
2285610022
343986829
44155890
873238788
380231123
28063145
1303052196
110553924
462777327
781711207
353702663
1259575286
236515249
364158629
59454506
362354505
365474272
421660466
593485909
214389110
1608712855
430683050
472712428
46965472
456998723
431622551
757137001
703170266
206225133
323304787
195738300
893768534
32858789
550766816
278241470
1545301231
843049357
59394075
882512748
119132482
196073726
328132490
604524710
40857722
438945460
33520003
180022096
304519867
599278848
49281628
1735975688
49737741
276976866
270834723
741966793
364408466
299649391
270900011
547781273
482737855
515760384
14896162
140565562
73378145
438341853
580876447
78887441
378600117
140113049
572683915
130431287
335294799
102916826
418527427
45645945
255473608
241582027
467201328
346419991
44340796
62751038
432247096
578859016
2473829224
847433412
34876898
577388215
2393951085
170008535
573493361
717938012
82827485
573235683
143353816
86517218
2318819916
154328028
1067963546
346531515
264087968
1655606526
85797826
21210269
226903784
268212931
228017654
244500778
29421488
71482085
34211275
1255029798
1315229666
588909511
346633653
279226561
103344827
621167187
706604033
98827122
835736191
341959908
627211554
1251779653
1658039582
181149224
299577187
76612571
34862992
34889562
760266205
465444035
39980923
240936320
286618422
340182842
612552155
375014096
1479085914
392217281
41782967
214445001
154861203
59716891
296149558
557865273
162245369
481760286
1498982696
99221836
1271249947
1160461554
32926437
887450707
239310425
320824044
354781004
439257458
569476938
287594979
42594350
376092740
223244704
291180828
1505835164
20132335
1423033099
59785679
29939209
349207305
35698814
66646003
333878350
515423826
117376608
261197606
285616381
243585235
155979886
287532334
2258715836
604478617
310413859
539124225
91056231
576975879
132865313
427569134
359932561
1317936446
1179199352
309603331
154103379
366462244
591905711
260794833
251079606
78915598
309118220
1383709184
110706573
213670595
23179750
914235594
272099280
728728532
785456898
317685720
42220245
32503396
378463761
227679313
61434522
34881784
733505300
16573206
323252368
177515790
505636042
540559724
1241183396
210902767
589384357
504782036
252127936
524523984
324376771
312635579
16294368
218774313
288248459
943436684
157491512
424404806
147480663
402675660
282564072
35751127
623725510
2392506661
586442253
266096540
413922237
119354370
45566268
1361422950
376647540
53058580
519478866
464560978
388866129
95664357
145570473
1117015507
188011718
484583549
26204162
364156101
560443859
275942624
293974758
595738568
409055886
217190087
1254950232
382107890
172327861
621614437
419446314
257936201
383143008
236393821
92931861
364765380
240186548
197450858
1446131268
309564855
16826839
732225109
22754762
629143237
270253381
1111066508
991564062
531160371
281903771
571182777
1091873748
1538814883
86024017
256989663
296222403
413333398
2253323601
312634478
1322228220
486412795
247311905
386381010
328924821
39457875
361339844
264890940
351582450
548652929
867816043
73676247
806248014
161584487
274045328
205673344
39309978
319752638
81404080
230989050
472745113
1222788967
75768115
621831838
496055747
714326362
34956180
34861103
247199118
190790978
35725736
228396081
161368720
529200393
931745198
423366789
392700367
1568403960
246178921
1493002549
2210782877
206237584
36726912
1520517332
242230927
300090910
273566526
1007991186
301362938
317029263
479473806
578226830
1262973306
546784986
72502286
304403108
80806231
317045918
314528206
308035784
21284578
186009597
976139978
612404793
92011080
303236134
48976340
329234644
72761335
1794897504
25275709
96729065
344519283
1859665052
304382615
263599659
36672052
611685779
1548625362
1048542966
122150127
80591316
256517975
167240240
468282070
162025147
248300604
267038927
418857022
1186275121
249107643
1003848096
325513073
255607000
219294979
82861467
809517314
112665699
39507134
753587180
300160713
355188213
472785785
360638607
427221955
36333809
270341873
36315244
397341012
809529805
509808526
57257276
594431308
219208778
1482078230
204763647
982930141
1427562194
44922173
494104937
955155224
980008225
29173397
2152857127
39984015
400802673
182508795
756867325
453790495
108332718
51745867
34843983
225274450
441905925
539815933
82340872
256808700
259641947
425032156
100296040
610140830
288688633
531403939
54492027
1056955680
253240852
624430050
348979375
1325152938
223048383
292912218
12141052
802433533
187550304
17199368
102105553
83103140
1390023156
5486322
267709058
475036222
146366245
99624865
1015218344
147520435
56844220
744708414
396308962
1011192278
742536973
475461330
40220577
1108956878
717257200
1223866184
306089717
325377405
159068488
207555178
29183726
323926410
562015705
338544786
1913148584
398772983
46152924
89858248
115078131
43571496
2149185659
411480139
193217584
554354112
192517729
204379971
165478215
343479090
36334550
387735255
47390421
579796996
280585797
168093186
224340573
329204669
378454302
1027284613
299685173
1699905842
332202628
334578870
2364590472
47934553
259465026
2186654957
1418340037
282086886
326065574
221667207
354287740
46100295
207467533
279950881
855071564
200239901
154188557
712130984
376817268
374950989
1296271890
76319044
24033597
386448582
2199309448
18102184
176387256
895180147
582965575
26456262
94878054
368407786
281948774
123198418
441583731
567189168
158690700
260563956
148300692
400291771
87787561
177467609
188329476
111637106
1870594808
1687788492
819971671
204258497
136936836
34229824
130527875
868433418
444504603
131062866
206608012
79131754
318909923
113578407
338997938
97407628
931406588
36677069
369326157
113343685
548645315
1142937625
126569758
34227461
477044518
561024375
176048642
475784897
139356225
46847780
116155233
185558128
404370034
39079495
373009808
2166368499
262257884
213349118
42586132
403463741
248801358
126522095
329082318
140762292
345865336
10836322
29554883
324337699
326048896
570152382
78588704
27835919
193407015
268167078
18006420
361241297
37646634
51697391
343497056
242705948
118343129
411367901
100952183
318472858
500622341
520329500
112378239
344694511
39519480
69693874
214876215
586520808
520215301
99952151
285727486
507087070
64378225
137380975
277473147
462622137
35014671
151989472
561208747
89882759
161768191
1979089182
41991275
237204991
49710858
1438579987
139084692
837356220
786443078
50996113
383647573
949809240
174931080
1119626106
283512563
345306617
317061411
243569648
342043524
322233731
519024023
68932550
408423397
320715610
775788348
326668255
1630277616
232138521
396446213
413950591
412386247
71535088
325413467
287854184
117450546
2286237398
373284521
163116888
280879104
45624262
250591980
472871328
486402871
846396932
753553188
369330327
347458257
594571594
1211632278
214010402
1127296790
278555514
515286763
1815368420
1906805515
412416215
82152032
1399373420
120189045
155903743
32220792
130079884
730425349
480992940
363606801
404249182
19304330
245745950
296676738
57295575
40217196
263182455
245673446
146941647
248625572
256925405
589195238
84779445
116163888
274978980
557619959
37620546
488260872
43297171
125364680
1048276051
353849052
282954189
48700599
294299012
90859922
702806545
116712655
162808233
295085550
386685212
822977053
1405356858
348520799
110635557
273816678
573530115
37902573
67324800
91606108
357523469
237189703
404348058
151454429
756584214
32390436
1971323521
136430626
89704234
78307242
36645621
141896406
121691473
324941212
349852000
218468786
1727741324
264022432
124799832
456373291
1159732405
582606529
280501683
1589592271
40454059
590875834
424063509
428063754
120749948
488241635
41571313
76675749
615443798
39246873
329567414
239831120
372367508
35953299
337017044
21858362
244519744
489381333
799011212
1153265791
59063161
65865160
227596569
288906146
223828206
615132320
402142841
50248018
281950765
264103476
334050943
67123176
529384590
253591949
229767046
598455525
372682303
620179000
358159517
845698248
312103300
109528829
247271681
853076791
359783894
775417002
41103950
284066463
151129739
931183064
481004913
514868025
92251617
226909682
304573177
49297157
623495216
305805022
263075902
289509615
199220948
34933632
988718947
318026089
493099834
252489550
449680501
473866901
492066997
1725256352
39207804
2244042858
2364215530
552665719
306966322
580195700
918745898
369465065
186563346
330321621
311905756
522172335
165194827
361371953
410877128
636152613
388770472
927599611
538094182
568182164
538200537
36040535
323144390
29733456
703291591
291791314
85252750
117546943
866123611
36920009
42605994
383820533
39984732
429042712
1462525044
590838954
219583381
156060746
535221672
193307633
891666282
88900548
349011529
199180046
26264562
481424056
584557906
38404676
335232680
873193916
471244059
1145116872
59499619
126018689
372816892
87119820
339093695
554341346
520132170
1320323628
615072245
531022303
197296170
402076295
39030096
350309165
172768894
726190374
63676564
410592840
369433277
517691453
302488636
88904510
287556834
140690595
69238120
189186894
94057832
32575654
460792349
66103474
34584522
1052447467
84634888
538593372
368198504
1410507163
270831181
43434669
562069317
343182357
88651916
343404008
1625029536
962537700
418632804
223477533
90401123
106434109
1595626580
761271446
397242108
26230425
49972792
555022158
246217785
234763847
534702436
766322593
635507345
43308349
233275275
1424954036
287602975
220253119
91154365
73100507
263570724
732500850
37474627
35777677
243554598
121041165
75008735
275599191
68382599
586667974
557772459
202164058
359865888
185694349
1279594015
76273507
627244415
121491998
40656881
465999895
2337654088
2295932160
267244826
71287743
78609710
270799924
865008794
206985858
359215404
613958366
54145026
87199033
301233402
718116631
127930193
329625465
318359005
114545629
2198277442
34959492
399341260
802754484
36339401
240174805
295151606
226670923
208372669
102594371
1275628752
328922410
815032729
268392561
1141665049
1284126824
463576863
927172735
395357390
313315249
635183293
515832649
1371551316
383677555
947269098
253541090
127888260
532890751
456313412
349018142
293468304
354866073
235092716
66149576
2205048897
26209720
271904535
1001194862
1326794360
1228227794
736542824
413083670
549506800
217408775
175271615
366735134
37236597
200853437
39260873
21071798
1753411189
1410177734
1691579725
1108159178
524524077
420398808
283112765
40175350
275926802
268233005
444401282
1594317841
595390087
211622324
257857482
392039463
276231946
106635942
324867173
428991460
39721349
76293671
960519990
1010822592
567103197
74159570
216292735
89174130
70986644
51019770
99109405
244062681
301960336
524428377
16388173
281933614
256458493
29440556
245475015
290515088
34567771
66332078
369320469
279003970
324839025
32783397
2216659164
382638620
308381105
52660774
740081300
294568784
36907204
89196584
441926677
602789084
15675068
454876040
339662992
76003390
238058790
329773634
177851609
39467021
706171473
366495174
104509822
181900601
259212277
228628014
388226617
155756537
216990448
572633384
202986834
279975083
183334361
49952883
406050429
264887373
2342768206
35719875
181867963
1172020482
489494808
267143193
25865489
545071194
447856962
332298775
291091401
814455344
234347932
277129745
65982822
228276038
1689150912
528331744
464038640
390359520
53668699
195881207
295169364
855133548
248663132
272305120
406980310
1580254008
157614146
320689923
1361110452
544935834
89160015
459495078
54517179
711301404
1012104930
124429124
2315560435
1007338459
77957485
482851206
147523829
20055522
1623224754
50296265
1475457146
365375194
289189827
76954584
355422187
111017755
1647106812
428453330
629248858
602753206
703702784
17897866
378454259
46157471
310706972
64455808
440669754
268163073
563004139
1108780255
107984490
1302580765
214864788
340866325
451590596
833416314
478564389
33538196
259259690
1363598276
708813774
14091233
230621285
484605683
293310226
292176577
713181899
450044964
157766573
258296842
484685537
2179126654
430760819
79409214
443592951
73277826
216029303
537965306
48090069
99981948
256459628
1156244647
544356489
238216688
434779616
155959750
808295210
62778379
93823765
73020488
34885084
474728808
196174905
34866582
480521066
88900155
248241564
242669372
25055535
238485338
276813202
2183801978
912098046
2164758237
314440846
202213499
1403181091
351493478
1467495745
469085926
256496753
291851870
221750832
88917870
816955938
386547751
275063806
130420539
34873857
498638616
459998804
353556382
525383399
561207409
64248307
583919116
388697528
548610339
1598012750
908638580
76859433
973476067
467326688
386489764
57593462
337919258
117315482
293858950
388159181
358059201
36296574
2249152952
976219430
1057216237
362346981
1359026587
606709839
270804713
89455694
229520558
568980945
568238284
604514861
466532907
241006162
772023463
1013195893
1282868210
35017335
62283946
1266425852
219972617
625587585
427532810
707541074
472711296
599511159
273502966
368177996
854621184
74205145
526085572
84817608
435025088
522134987
315234648
251980341
129804749
209971490
125979205
1233577945
636411143
292739078
233871983
905499126
50707665
260689905
93571425
370007456
943228616
233580282
2459484864
215003266
16827394
361755320
462697021
1374820927
272547727
377260905
55624540
940648279
63159242
233527468
294207142
459431482
270832727
1513486220
94873961
476031899
148738754
286548430
1335189864
220015962
583993054
401306139
197749479
156335669
251991240
415784629
87291271
161586185
200879697
35436216
227654213
408312986
51991805
459264291
531017590
349134865
824108414
314545072
335929536
382676354
122433222
87778228
159050272
1640156088
1111484622
100215584
69701164
1259280080
323216653
507919973
480205227
376833793
374913441
2210278762
22806616
429762445
325045252
1014698034
524347362
261156101
299832266
439264292
1926499526
622082399
63143359
38654434
377862064
556935549
209203608
412184712
246852286
39529517
946626619
53455736
934355221
41812568
340762376
234087124
215339980
1071039325
1159778630
304254940
713105432
252461444
280088232
1568852322
221671726
364124108
715844996
1280520541
174282586
521509257
613406339
527236427
67251903
51154953
115066057
1626128940
455693949
110336581
431735192
165657227
369554026
397315505
197476326
2496027452
550919305
42594947
223826166
28304300
218412605
1871152766
210341964
550271790
168083217
259252313
283353219
1076014358
240128323
1269405727
1224692720
498016801
188656294
65485024
71073293
94959181
82824503
264859449
80267345
23187313
365932556
294035923
272299011
364315033
152681703
150278519
2172707037
1012867524
346701212
268201428
101521196
244498583
105449451
221469317
279988403
521177169
397807711
285201857
267789718
175698637
70638460
340834080
568120665
163845215
1025829464
623777313
148487540
956881592
159069533
50995501
484564961
264789181
286859674
298550089
780051030
321459562
2254540131
347639789
159899479
150807400
945614786
41115575
1488410060
1328595020
93364130
318302107
67115363
128147124
135394611
205125900
336631517
97642706
35699185
635535790
353610546
265331185
67727947
352229600
1710918691
1931322992
377314972
480406369
492151718
1159646880
55635793
1182433728
55208322
409840905
529331030
143788019
107417912
142257635
333341281
324082927
275629567
361148058
198533530
1567926302
16463639
25481535
1190442799
1041636793
215738710
61783224
195775887
366670608
41821016
1361056356
135149710
61457543
2243538270
236768938
1469700926
352862688
177006381
65283577
455657827
61148024
223056677
212453170
116165413
1118839357
829095020
569027149
303062726
1553223980
1263924486
461995087
111233934
50997911
389970082
163892760
562850226
367944183
626521950
315110961
516501813
2211284929
500214284
370647072
246809722
66775673
403300589
618987046
750098233
718119085
494777911
44089754
1392180380
309560497
306295671
58844923
104724418
163011416
317044660
288722401
448788687
247690125
78292017
123217203
85763321
413886121
20608325
290138326
504358437
199591321
377918877
476578615
114767617
431323305
289910315
864396577
80325577
241037240
384338053
67834616
192074016
267656136
710670709
489538447
298367263
574635045
327845762
476211575
413080676
518576934
33163939
39075743
86024948
245732400
275145109
1497909870
412485442
10967992
201629013
270873954
281610896
2340793798
224262009
127561321
296699659
429636213
334548719
273401145
366580255
342008916
280448731
607199626
629373241
1728122672
619852360
109214662
76299971
726631495
80275163
864274796
47325058
466248320
329009214
16294414
47732931
402674067
579666121
577365542
1731661908
72523889
478837200
709385275
101233214
1923057906
161195056
270931001
302614113
949973551
470947877
212580205
38419007
130767871
449815003
270289597
1628203166
1353593120
306294103
847669381
313214296
489455035
2397846336
56074719
552056620
328969628
96938972
90585495
40435696
462567976
1609172455
915156362
251035995
222484069
282244895
570662729
383603776
534117023
409638745
467269390
297385920
376027838
789750324
472865124
1685723539
280449474
606872951
359937759
360542372
1196394086
496784522
86690511
184672519
254386129
70944337
1673905885
39992005
22008842
1024163628
88768292
1021684298
2170684127
485957674
225079370
47312811
473707656
32481639
756692144
146331300
1286522850
391912356
48280122
298509222
1361521495
110361580
475809638
536598684
935159466
346175643
1163802991
623026872
1894785564
1338861338
184697692
1622191328
278436903
78221645
60373324
154517404
757281313
143787280
17850476
2154469345
398265317
41579683
477014954
44387724
1545212864
24153275
596383315
761669472
546621748
317632396
83636750
199405348
398723354
1324732152
855359702
75286850
978286554
87677819
156897519
2204853370
614992393
128540874
253949877
342149179
2160891551
823627958
437541151
369026462
40012816
545918786
1702565600
506446148
490130435
193326371
74370770
240210426
573425296
388792020
268267151
1166738593
159072136
34623523
356179830
137925152
912838364
37586227
345399433
1963967966
33849250
520614628
360440794
326773686
1172135502
131082763
714414965
304930584
34868345
218826363
461930243
498040916
258296608
249540029
474771042
197154679
1551045740
1863118358
347133010
44075813
1605166668
1417790486
1589120826
64727597
487585502
34619225
1493693222
141882456
1493026351
36383686
708938808
43127058
1245990584
22185420
270203530
102992176
